[[-9.24592152e-03  2.02994594e-02 -1.42211175e-02  1.94909772e-02
   6.78329622e-03  8.54781073e-05 -1.33290569e-05 -7.47067330e-08
   8.18861099e-09  1.99195515e-11 -1.60844989e-12]
 [-9.24592152e-03  2.02994594e-02 -1.42211175e-02  1.94909772e-02
   6.78329622e-03  8.54781073e-05 -1.33290569e-05 -7.47067330e-08
   8.18861099e-09  1.99195515e-11 -1.60844989e-12]
 [-9.24592152e-03  2.02994594e-02 -1.42211175e-02  1.94909772e-02
   6.78329622e-03  8.54781073e-05 -1.33290569e-05 -7.47067330e-08
   8.18861099e-09  1.99195515e-11 -1.60844989e-12]
 [-9.24592152e-03  2.02994594e-02 -1.42211175e-02  1.94909772e-02
   6.78329622e-03  8.54781073e-05 -1.33290569e-05 -7.47067330e-08
   8.18861099e-09  1.99195515e-11 -1.60844989e-12]
 [-9.24592152e-03  2.02994594e-02 -1.42211175e-02  1.94909772e-02
   6.78329622e-03  8.54781073e-05 -1.33290569e-05 -7.47067330e-08
   8.18861099e-09  1.99195515e-11 -1.60844989e-12]
 [-9.24592152e-03  2.02994594e-02 -1.42211175e-02  1.94909772e-02
   6.78329622e-03  8.54781073e-05 -1.33290569e-05 -7.47067330e-08
   8.18861099e-09  1.99195515e-11 -1.60844989e-12]
 [-9.24592152e-03  2.02994594e-02 -1.42211175e-02  1.94909772e-02
   6.78329622e-03  8.54781073e-05 -1.33290569e-05 -7.47067330e-08
   8.18861099e-09  1.99195515e-11 -1.60844989e-12]
 [-9.24592152e-03  2.02994594e-02 -1.42211175e-02  1.94909772e-02
   6.78329622e-03  8.54781073e-05 -1.33290569e-05 -7.47067330e-08
   8.18861099e-09  1.99195515e-11 -1.60844989e-12]
 [-9.24592152e-03  2.02994594e-02 -1.42211175e-02  1.94909772e-02
   6.78329622e-03  8.54781073e-05 -1.33290569e-05 -7.47067330e-08
   8.18861099e-09  1.99195515e-11 -1.60844989e-12]
 [-9.24592152e-03  2.02994594e-02 -1.42211175e-02  1.94909772e-02
   6.78329622e-03  8.54781073e-05 -1.33290569e-05 -7.47067330e-08
   8.18861099e-09  1.99195515e-11 -1.60844989e-12]
 [-9.24592152e-03  2.02994594e-02 -1.42211175e-02  1.94909772e-02
   6.78329622e-03  8.54781073e-05 -1.33290569e-05 -7.47067330e-08
   8.18861099e-09  1.99195515e-11 -1.60844989e-12]
 [-9.24592152e-03  2.02994594e-02 -1.42211175e-02  1.94909772e-02
   6.78329622e-03  8.54781073e-05 -1.33290569e-05 -7.47067330e-08
   8.18861099e-09  1.99195515e-11 -1.60844989e-12]
 [-9.24592152e-03  2.02994594e-02 -1.42211175e-02  1.94909772e-02
   6.78329622e-03  8.54781073e-05 -1.33290569e-05 -7.47067330e-08
   8.18861099e-09  1.99195515e-11 -1.60844989e-12]
 [-9.24592152e-03  2.02994594e-02 -1.42211175e-02  1.94909772e-02
   6.78329622e-03  8.54781073e-05 -1.33290569e-05 -7.47067330e-08
   8.18861099e-09  1.99195515e-11 -1.60844989e-12]
 [-9.24592152e-03  2.02994594e-02 -1.42211175e-02  1.94909772e-02
   6.78329622e-03  8.54781073e-05 -1.33290569e-05 -7.47067330e-08
   8.18861099e-09  1.99195515e-11 -1.60844989e-12]
 [-9.24592152e-03  2.02994594e-02 -1.42211175e-02  1.94909772e-02
   6.78329622e-03  8.54781073e-05 -1.33290569e-05 -7.47067330e-08
   8.18861099e-09  1.99195515e-11 -1.60844989e-12]]

Generation : 0
Current best: 303777.3845317213

Generation : 1
Current best: 303777.3845317213

Generation : 2
Current best: 303777.3845317213

Generation : 3
Current best: 303777.3845317213

Generation : 4
Current best: 303777.3845317213

Generation : 5
Current best: 303777.3845317213

Generation : 6
Current best: 303777.3845317213

Generation : 7
Current best: 303777.3845317213

Generation : 8
Current best: 303777.3845317213

Generation : 9
Current best: 303777.3845317213
[[-5.35781410e-03  2.69950808e-02 -2.04452439e-02  2.20309998e-02
   1.69809135e-03  1.38625452e-04 -2.34126157e-05 -1.18881695e-07
   1.77469868e-08  1.29223440e-11 -1.85976878e-12]
 [-8.27086417e-03  1.85562387e-02 -1.57302672e-02  1.47101204e-02
   2.35823185e-03  1.17335232e-04 -1.99884451e-05 -9.89979306e-08
   1.24218224e-08  1.31091294e-11 -1.73458280e-12]
 [-9.24592152e-03  2.02994594e-02 -1.42211175e-02  1.94909772e-02
   6.78329622e-03  8.54781073e-05 -1.33290569e-05 -7.47067330e-08
   8.18861099e-09  1.99195515e-11 -1.60844989e-12]
 [-9.24592152e-03  2.02994594e-02 -1.42211175e-02  1.94909772e-02
   6.78329622e-03  8.54781073e-05 -1.33290569e-05 -7.47067330e-08
   8.18861099e-09  1.99195515e-11 -1.60844989e-12]
 [-1.33929770e-02  2.16365202e-02 -1.98502151e-02  1.64015797e-02
   8.94981702e-03  1.00939572e-04 -8.67006430e-06 -6.14952583e-08
   4.56579646e-09  2.66946882e-11 -1.66384484e-12]
 [-1.37850281e-02  1.31773617e-02 -1.42957593e-02  1.20739356e-02
   7.92797820e-03  8.11196131e-05 -1.22510040e-05 -4.15215836e-08
   7.08730178e-09  2.50709722e-11 -1.86918507e-12]
 [-5.00955525e-03  1.53160776e-02 -1.91070474e-02  1.44700404e-02
   9.86266511e-03  5.11133622e-05 -1.48755411e-05 -5.61710378e-08
   7.01176533e-09  2.62449709e-11 -2.25293349e-12]
 [-9.51726485e-03  2.67951125e-02 -1.30869769e-02  1.98277891e-02
   6.08366184e-03  1.15245549e-04 -1.49991813e-05 -8.02018813e-08
   6.71861097e-09  1.65965617e-11 -1.76398044e-12]
 [-1.05870486e-02  1.47737947e-02 -1.03046385e-02  2.12198762e-02
   1.79578548e-03  1.00085188e-04 -1.19485766e-05 -9.59610326e-08
   1.84934343e-08  1.89843333e-11 -2.58866795e-12]
 [-1.14951131e-02  2.79449503e-02 -1.53937625e-02  1.81049897e-02
   7.84976207e-03  1.12135292e-04 -1.00373681e-05 -4.07235249e-08
   5.62380724e-09  1.16550687e-11 -2.40773573e-12]
 [-5.82838855e-03  1.33713345e-02 -1.64995034e-02  2.19317100e-02
   4.17491634e-03  9.89291788e-05 -9.39876334e-06 -8.91326035e-08
   8.34440008e-09  2.14910807e-11 -9.12485582e-13]
 [-4.95925256e-03  1.45584048e-02 -9.93308891e-03  1.17407903e-02
   4.74940690e-03  4.71275430e-05 -1.16524135e-05 -7.77595371e-08
   1.04258806e-08  1.31073952e-11 -9.56392754e-13]
 [-7.95791572e-03  1.28703990e-02 -2.08868366e-02  8.16901236e-03
   1.10459903e-02  1.33749476e-04 -1.42466104e-05 -5.45466317e-08
   6.53423194e-09  2.25893029e-11 -1.03277806e-12]
 [-1.83112170e-02  1.07687983e-02 -1.67665544e-02  1.47569571e-02
   5.93240942e-03  1.08698061e-04 -1.11975819e-05 -6.08222114e-08
   6.93849230e-09  1.49015770e-11 -1.84686696e-12]
 [-7.08829073e-03  2.60151490e-02 -8.23985477e-03  2.34126530e-02
   1.15975501e-02  4.14060982e-05 -2.04157543e-05 -3.90119077e-08
   8.87692612e-09  1.87792969e-11 -1.06104123e-12]
 [-8.68291893e-03  2.59019869e-02 -2.30761899e-02  1.29222650e-02
   2.22754482e-03  9.64619327e-05 -1.46525681e-05 -6.85571184e-08
   1.52376722e-08  7.81909708e-12 -9.51526971e-13]]
