[[ 0.00000000e+00  1.24031745e-01 -6.21194106e+00  4.93390314e-02
   3.81084816e-02  8.13236610e-05 -6.01876916e-05 -1.25158557e-07
   3.48409638e-08  4.16149250e-11 -6.73242018e-12]
 [ 0.00000000e+00  1.24031745e-01 -6.21194106e+00  4.93390314e-02
   3.81084816e-02  8.13236610e-05 -6.01876916e-05 -1.25158557e-07
   3.48409638e-08  4.16149250e-11 -6.73242018e-12]
 [ 0.00000000e+00  1.24031745e-01 -6.21194106e+00  4.93390314e-02
   3.81084816e-02  8.13236610e-05 -6.01876916e-05 -1.25158557e-07
   3.48409638e-08  4.16149250e-11 -6.73242018e-12]
 [ 0.00000000e+00  1.24031745e-01 -6.21194106e+00  4.93390314e-02
   3.81084816e-02  8.13236610e-05 -6.01876916e-05 -1.25158557e-07
   3.48409638e-08  4.16149250e-11 -6.73242018e-12]
 [ 0.00000000e+00  1.24031745e-01 -6.21194106e+00  4.93390314e-02
   3.81084816e-02  8.13236610e-05 -6.01876916e-05 -1.25158557e-07
   3.48409638e-08  4.16149250e-11 -6.73242018e-12]
 [ 0.00000000e+00  1.24031745e-01 -6.21194106e+00  4.93390314e-02
   3.81084816e-02  8.13236610e-05 -6.01876916e-05 -1.25158557e-07
   3.48409638e-08  4.16149250e-11 -6.73242018e-12]
 [ 0.00000000e+00  1.24031745e-01 -6.21194106e+00  4.93390314e-02
   3.81084816e-02  8.13236610e-05 -6.01876916e-05 -1.25158557e-07
   3.48409638e-08  4.16149250e-11 -6.73242018e-12]
 [ 0.00000000e+00  1.24031745e-01 -6.21194106e+00  4.93390314e-02
   3.81084816e-02  8.13236610e-05 -6.01876916e-05 -1.25158557e-07
   3.48409638e-08  4.16149250e-11 -6.73242018e-12]
 [ 0.00000000e+00  1.24031745e-01 -6.21194106e+00  4.93390314e-02
   3.81084816e-02  8.13236610e-05 -6.01876916e-05 -1.25158557e-07
   3.48409638e-08  4.16149250e-11 -6.73242018e-12]
 [ 0.00000000e+00  1.24031745e-01 -6.21194106e+00  4.93390314e-02
   3.81084816e-02  8.13236610e-05 -6.01876916e-05 -1.25158557e-07
   3.48409638e-08  4.16149250e-11 -6.73242018e-12]
 [ 0.00000000e+00  1.24031745e-01 -6.21194106e+00  4.93390314e-02
   3.81084816e-02  8.13236610e-05 -6.01876916e-05 -1.25158557e-07
   3.48409638e-08  4.16149250e-11 -6.73242018e-12]
 [ 0.00000000e+00  1.24031745e-01 -6.21194106e+00  4.93390314e-02
   3.81084816e-02  8.13236610e-05 -6.01876916e-05 -1.25158557e-07
   3.48409638e-08  4.16149250e-11 -6.73242018e-12]
 [ 0.00000000e+00  1.24031745e-01 -6.21194106e+00  4.93390314e-02
   3.81084816e-02  8.13236610e-05 -6.01876916e-05 -1.25158557e-07
   3.48409638e-08  4.16149250e-11 -6.73242018e-12]
 [ 0.00000000e+00  1.24031745e-01 -6.21194106e+00  4.93390314e-02
   3.81084816e-02  8.13236610e-05 -6.01876916e-05 -1.25158557e-07
   3.48409638e-08  4.16149250e-11 -6.73242018e-12]
 [ 0.00000000e+00  1.24031745e-01 -6.21194106e+00  4.93390314e-02
   3.81084816e-02  8.13236610e-05 -6.01876916e-05 -1.25158557e-07
   3.48409638e-08  4.16149250e-11 -6.73242018e-12]
 [ 0.00000000e+00  1.24031745e-01 -6.21194106e+00  4.93390314e-02
   3.81084816e-02  8.13236610e-05 -6.01876916e-05 -1.25158557e-07
   3.48409638e-08  4.16149250e-11 -6.73242018e-12]]

Generation : 0
Current best: 1852681.2348022866

Generation : 1
Current best: 1852681.2348022866

Generation : 2
Current best: 1852681.2348022866

Generation : 3
Current best: 1852681.2348022866

Generation : 4
Current best: 1852681.2348022866

Generation : 5
Current best: 1852681.2348022866

Generation : 6
Current best: 1852681.2348022866

Generation : 7
Current best: 1852681.2348022866

Generation : 8
Current best: 1852681.2348022866

Generation : 9
Current best: 1852681.2348022866
[[ 0.00000000e+00  7.89197268e-02 -6.84088832e+00  6.99590054e-02
   2.49877831e-02  6.61827863e-05 -4.43487648e-05 -1.37293222e-07
   4.09677646e-08  1.33662090e-11 -1.05655816e-11]
 [ 0.00000000e+00  2.57308846e-01 -2.61839692e+00  4.54072489e-02
   1.43492997e-02  1.48211456e-04 -5.77526865e-05 -7.41928156e-08
   1.12972865e-08  2.38650349e-11 -5.66651356e-12]
 [ 0.00000000e+00  1.24031745e-01 -6.21194106e+00  4.93390314e-02
   3.81084816e-02  8.13236610e-05 -6.01876916e-05 -1.25158557e-07
   3.48409638e-08  4.16149250e-11 -6.73242018e-12]
 [ 0.00000000e+00  8.55768256e-02 -4.12295555e+00  7.60908269e-02
   6.73041279e-02  5.62206308e-05 -4.64482902e-05 -7.83558218e-08
   5.90583072e-08  3.37840409e-11 -3.66897271e-12]
 [ 0.00000000e+00  1.22079852e-01 -7.53075007e+00  6.46557192e-02
   3.75048949e-02  5.20201723e-05 -3.55131514e-05 -1.35381702e-07
   4.64950903e-08  2.84397677e-11 -6.33777123e-12]
 [ 0.00000000e+00  1.24031745e-01 -6.21194106e+00  4.93390314e-02
   3.81084816e-02  8.13236610e-05 -6.01876916e-05 -1.25158557e-07
   3.48409638e-08  4.16149250e-11 -6.73242018e-12]
 [ 0.00000000e+00  6.99544160e-02 -7.37544309e+00  4.57507139e-02
   3.85629418e-02  5.81444600e-05 -5.65966461e-05 -7.48576817e-08
   2.29257752e-08  2.93097447e-11 -1.00868147e-11]
 [ 0.00000000e+00  6.97970316e-02 -8.98703970e+00  6.37337256e-02
   2.09561290e-02  1.15566943e-04 -7.32481848e-05 -1.69203983e-07
   3.71829988e-08  5.39066368e-11 -8.40345501e-12]
 [ 0.00000000e+00  5.45348297e-02 -7.85855874e+00  6.09508347e-02
   1.30072880e-02  1.23176554e-04 -8.03932062e-05 -1.03588540e-07
   9.24261938e-09  3.16825353e-11 -4.60082750e-12]
 [ 0.00000000e+00  3.29548330e-01 -3.47774473e+00  2.28833123e-02
   1.96475407e-02  9.94010012e-05 -7.04570610e-05 -1.33795481e-07
   2.39767068e-08  4.50482673e-11 -9.20485234e-12]
 [ 0.00000000e+00  9.41881073e-02 -7.93511155e+00  7.13335596e-02
   5.57798125e-02  7.46965388e-05 -4.43270726e-05 -9.17635156e-08
   6.65106954e-08  4.38581408e-11 -3.58604256e-12]
 [ 0.00000000e+00  1.28174341e-01 -4.38914367e+00  7.74064149e-02
   9.44274617e-02  3.87219270e-05 -5.31210363e-05 -1.57820414e-07
   4.46014792e-08  3.72857723e-11 -3.77345578e-12]
 [ 0.00000000e+00  7.54105170e-02 -5.28561821e+00  7.74937597e-02
   4.29190553e-02  1.05805633e-04 -4.45594178e-05 -9.89384797e-08
   2.56275241e-08  2.90865581e-11 -3.54651458e-12]
 [ 0.00000000e+00  1.62288098e-01 -6.41291563e+00  6.51973446e-02
   3.05921881e-02  3.81656240e-05 -5.10259571e-05 -8.98750745e-08
   3.38782859e-08  3.24562928e-11 -8.49270409e-12]
 [ 0.00000000e+00  8.56724254e-02 -8.66446159e+00  4.41732403e-02
   2.39197957e-02  1.26698095e-04 -5.74816461e-05 -1.24318546e-07
   3.36899935e-08  4.81907684e-11 -1.15124171e-11]
 [ 0.00000000e+00  4.37544061e-02 -7.95755803e+00  7.18366026e-02
   1.94693742e-02  7.97365331e-05 -5.66391107e-05 -1.36337619e-07
   3.08855005e-08  6.93296150e-12 -6.25375294e-12]]
