[[ 0.00000000e+00  1.24031745e-01 -6.21194106e+00  4.93390314e-02
   3.81084816e-02  8.13236610e-05 -6.01876916e-05 -1.25158557e-07
   3.48409638e-08  4.16149250e-11 -6.73242018e-12]
 [ 0.00000000e+00  1.24031745e-01 -6.21194106e+00  4.93390314e-02
   3.81084816e-02  8.13236610e-05 -6.01876916e-05 -1.25158557e-07
   3.48409638e-08  4.16149250e-11 -6.73242018e-12]
 [ 0.00000000e+00  1.24031745e-01 -6.21194106e+00  4.93390314e-02
   3.81084816e-02  8.13236610e-05 -6.01876916e-05 -1.25158557e-07
   3.48409638e-08  4.16149250e-11 -6.73242018e-12]
 [ 0.00000000e+00  1.24031745e-01 -6.21194106e+00  4.93390314e-02
   3.81084816e-02  8.13236610e-05 -6.01876916e-05 -1.25158557e-07
   3.48409638e-08  4.16149250e-11 -6.73242018e-12]
 [ 0.00000000e+00  1.24031745e-01 -6.21194106e+00  4.93390314e-02
   3.81084816e-02  8.13236610e-05 -6.01876916e-05 -1.25158557e-07
   3.48409638e-08  4.16149250e-11 -6.73242018e-12]
 [ 0.00000000e+00  1.24031745e-01 -6.21194106e+00  4.93390314e-02
   3.81084816e-02  8.13236610e-05 -6.01876916e-05 -1.25158557e-07
   3.48409638e-08  4.16149250e-11 -6.73242018e-12]
 [ 0.00000000e+00  1.24031745e-01 -6.21194106e+00  4.93390314e-02
   3.81084816e-02  8.13236610e-05 -6.01876916e-05 -1.25158557e-07
   3.48409638e-08  4.16149250e-11 -6.73242018e-12]
 [ 0.00000000e+00  1.24031745e-01 -6.21194106e+00  4.93390314e-02
   3.81084816e-02  8.13236610e-05 -6.01876916e-05 -1.25158557e-07
   3.48409638e-08  4.16149250e-11 -6.73242018e-12]
 [ 0.00000000e+00  1.24031745e-01 -6.21194106e+00  4.93390314e-02
   3.81084816e-02  8.13236610e-05 -6.01876916e-05 -1.25158557e-07
   3.48409638e-08  4.16149250e-11 -6.73242018e-12]
 [ 0.00000000e+00  1.24031745e-01 -6.21194106e+00  4.93390314e-02
   3.81084816e-02  8.13236610e-05 -6.01876916e-05 -1.25158557e-07
   3.48409638e-08  4.16149250e-11 -6.73242018e-12]
 [ 0.00000000e+00  1.24031745e-01 -6.21194106e+00  4.93390314e-02
   3.81084816e-02  8.13236610e-05 -6.01876916e-05 -1.25158557e-07
   3.48409638e-08  4.16149250e-11 -6.73242018e-12]
 [ 0.00000000e+00  1.24031745e-01 -6.21194106e+00  4.93390314e-02
   3.81084816e-02  8.13236610e-05 -6.01876916e-05 -1.25158557e-07
   3.48409638e-08  4.16149250e-11 -6.73242018e-12]
 [ 0.00000000e+00  1.24031745e-01 -6.21194106e+00  4.93390314e-02
   3.81084816e-02  8.13236610e-05 -6.01876916e-05 -1.25158557e-07
   3.48409638e-08  4.16149250e-11 -6.73242018e-12]
 [ 0.00000000e+00  1.24031745e-01 -6.21194106e+00  4.93390314e-02
   3.81084816e-02  8.13236610e-05 -6.01876916e-05 -1.25158557e-07
   3.48409638e-08  4.16149250e-11 -6.73242018e-12]
 [ 0.00000000e+00  1.24031745e-01 -6.21194106e+00  4.93390314e-02
   3.81084816e-02  8.13236610e-05 -6.01876916e-05 -1.25158557e-07
   3.48409638e-08  4.16149250e-11 -6.73242018e-12]
 [ 0.00000000e+00  1.24031745e-01 -6.21194106e+00  4.93390314e-02
   3.81084816e-02  8.13236610e-05 -6.01876916e-05 -1.25158557e-07
   3.48409638e-08  4.16149250e-11 -6.73242018e-12]]

Generation : 0
Current best: 1852681.2348022866
Best vector: [0.0, 0.1240317450077846, -6.211941063144333, 0.04933903144709126, 0.03810848157715883, 8.132366097133624e-05, -6.018769160916912e-05, -1.251585565299179e-07, 3.484096383229681e-08, 4.1614924993407104e-11, -6.732420176902565e-12]

Generation : 1
Current best: 1852681.2348022866
Best vector: [0.0, 0.1240317450077846, -6.211941063144333, 0.04933903144709126, 0.03810848157715883, 8.132366097133624e-05, -6.018769160916912e-05, -1.251585565299179e-07, 3.484096383229681e-08, 4.1614924993407104e-11, -6.732420176902565e-12]

Generation : 2
Current best: 1852681.2348022866
Best vector: [0.0, 0.1240317450077846, -6.211941063144333, 0.04933903144709126, 0.03810848157715883, 8.132366097133624e-05, -6.018769160916912e-05, -1.251585565299179e-07, 3.484096383229681e-08, 4.1614924993407104e-11, -6.732420176902565e-12]

Generation : 3
Current best: 1852681.2348022866
Best vector: [0.0, 0.1240317450077846, -6.211941063144333, 0.04933903144709126, 0.03810848157715883, 8.132366097133624e-05, -6.018769160916912e-05, -1.251585565299179e-07, 3.484096383229681e-08, 4.1614924993407104e-11, -6.732420176902565e-12]

Generation : 4
Current best: 1852681.2348022866
Best vector: [0.0, 0.1240317450077846, -6.211941063144333, 0.04933903144709126, 0.03810848157715883, 8.132366097133624e-05, -6.018769160916912e-05, -1.251585565299179e-07, 3.484096383229681e-08, 4.1614924993407104e-11, -6.732420176902565e-12]

Generation : 5
Current best: 1852681.2348022866
Best vector: [0.0, 0.1240317450077846, -6.211941063144333, 0.04933903144709126, 0.03810848157715883, 8.132366097133624e-05, -6.018769160916912e-05, -1.251585565299179e-07, 3.484096383229681e-08, 4.1614924993407104e-11, -6.732420176902565e-12]

Generation : 6
Current best: 1852681.2348022866
Best vector: [0.0, 0.1240317450077846, -6.211941063144333, 0.04933903144709126, 0.03810848157715883, 8.132366097133624e-05, -6.018769160916912e-05, -1.251585565299179e-07, 3.484096383229681e-08, 4.1614924993407104e-11, -6.732420176902565e-12]

Generation : 7
Current best: 1852681.2348022866
Best vector: [0.0, 0.1240317450077846, -6.211941063144333, 0.04933903144709126, 0.03810848157715883, 8.132366097133624e-05, -6.018769160916912e-05, -1.251585565299179e-07, 3.484096383229681e-08, 4.1614924993407104e-11, -6.732420176902565e-12]

Generation : 8
Current best: 1852681.2348022866
Best vector: [0.0, 0.1240317450077846, -6.211941063144333, 0.04933903144709126, 0.03810848157715883, 8.132366097133624e-05, -6.018769160916912e-05, -1.251585565299179e-07, 3.484096383229681e-08, 4.1614924993407104e-11, -6.732420176902565e-12]

Generation : 9
Current best: 1852681.2348022866
Best vector: [0.0, 0.1240317450077846, -6.211941063144333, 0.04933903144709126, 0.03810848157715883, 8.132366097133624e-05, -6.018769160916912e-05, -1.251585565299179e-07, 3.484096383229681e-08, 4.1614924993407104e-11, -6.732420176902565e-12]

Generation : 10
Current best: 1852681.2348022866
Best vector: [0.0, 0.1240317450077846, -6.211941063144333, 0.04933903144709126, 0.03810848157715883, 8.132366097133624e-05, -6.018769160916912e-05, -1.251585565299179e-07, 3.484096383229681e-08, 4.1614924993407104e-11, -6.732420176902565e-12]

Generation : 11
Current best: 16687851507.669598
Best vector: [-0.0, 0.1196994993824729, -10.0, -0.009054008134419542, -0.019409095129833652, 7.8273401169217e-05, -7.567303061487814e-05, 2.3116356962719493e-07, 3.68025833208232e-08, 7.12890948759166e-11, -1.8482562324859646e-12]

Generation : 12
Current best: 4301605646.384655
Best vector: [0.0, -0.00019222847761397063, -10.0, 0.008431207051844558, -0.026860169462153933, -1.9320616368200695e-05, 1.822227010613875e-05, -2.018492082362997e-07, -5.129544376475049e-09, 1.2530522823899872e-11, 4.628311918295528e-13]

Generation : 13
Current best: 2791575380.5016723
Best vector: [-0.0, 0.012209469873606622, 10.0, 0.020825485413101936, 0.0253455539397016, -1.998390233569356e-07, 2.8229898031079513e-06, -2.440563488815909e-09, -1.14795697889131e-09, 3.3087393509352075e-11, -1.545652399160946e-12]

Generation : 14
Current best: 1246103799.4705667
Best vector: [0.0, -0.022915257484576367, 1.6451583594307495, 0.02692825569019908, -0.032029481451818234, 1.9806661432823337e-07, 4.632889275614585e-06, 2.9936113786280907e-09, -2.277543600494928e-09, -1.6985544553370864e-11, 2.235138774068456e-12]

Generation : 15
Current best: 277762535.4160051
Best vector: [0.0, 0.005176315052058302, 1.9537116096053828, 0.05051335753080121, -0.0044164783773557184, 2.380656031441955e-07, -4.754815474946243e-06, -1.3633928910712248e-09, 4.0961588971392605e-09, -6.964743052785238e-12, -1.1136018362068692e-12]

Generation : 16
Current best: 122333806.54089774
Best vector: [0.0, -0.00026185049700466095, 1.677245373698839, 0.016490539703273265, -0.004028741240859843, 1.9529246527884922e-07, -2.425781404809562e-08, -3.6471655713066786e-10, 4.653904932984756e-10, 6.696666858737211e-15, -2.86855901139788e-13]

Generation : 17
Current best: 25172729.056770742
Best vector: [-0.0, -0.0006601336331671248, 0.40887932474733785, -0.024348122958385045, 0.0033455256094435714, -1.8058338719954635e-07, -3.348719523425109e-08, 4.1953579173535786e-10, -4.395901454989762e-11, 4.205580957666883e-15, -2.296254237086479e-13]

Generation : 18
Current best: 26380635.00330872
Best vector: [0.0, 4.228474227788392e-05, -2.494294924112948, -0.01745179869057102, -0.0017086271583513037, 3.6726678812435484e-07, -4.2030918489418504e-08, 1.6078249218861086e-10, 8.125778839416005e-10, 4.696492885712143e-16, -3.884692136750793e-17]

Generation : 19
Current best: 10114369.187786385
Best vector: [-0.0, 6.844301926688699e-05, 0.9630117350983917, 0.013852937474123788, 0.0023741738877534322, -5.1073305429743666e-08, 4.904822173952492e-08, -1.2302982569315922e-10, -2.1469308424938268e-12, 4.079572212107323e-15, -3.1749353474217e-13]
[[-0.00000000e+00 -1.54896489e-04 -2.33766476e+00 -5.21878682e-03
  -7.20360331e-04  4.68149444e-07  9.05742568e-08  2.40669124e-12
   1.26097330e-12 -8.88214143e-15 -4.27267910e-14]
 [-0.00000000e+00 -6.29890405e-06  4.19247833e-01  2.23239577e-02
   2.47515122e-03 -7.79010776e-08  5.19894704e-08 -2.39567207e-11
  -6.63605051e-10 -2.01505506e-15  3.27646201e-16]
 [ 0.00000000e+00 -1.11979893e-05  1.29843353e-01 -8.13861644e-03
  -2.88064731e-03 -7.77893489e-08 -3.06448336e-08  2.12389717e-10
   2.64095253e-10  3.93548279e-15 -1.26641586e-15]
 [ 0.00000000e+00 -8.00523598e-05 -8.00385971e-01 -9.18373664e-03
  -2.49044839e-03  6.41120487e-08  3.12979477e-08  1.04686223e-11
   2.67921171e-12  5.85176953e-15  5.05451479e-13]
 [-0.00000000e+00  7.61691335e-05  3.14533924e-01 -4.24886925e-03
  -5.31662161e-03 -7.72366870e-08 -1.48764824e-07 -1.09371092e-10
  -3.77319162e-10 -2.22738569e-16  2.05271864e-14]
 [-0.00000000e+00  2.83439108e-04  5.38604705e-01 -2.35164681e-02
  -1.21197983e-04  2.40488741e-07  3.92984206e-08 -3.89284804e-11
   1.73756710e-09  1.16062865e-15  9.62124113e-18]
 [-0.00000000e+00 -3.28699058e-05 -7.00413070e-02 -9.53091584e-04
  -2.23090354e-03  7.93423489e-07  6.00063982e-08  1.96470591e-12
  -9.02952720e-13 -8.85549773e-15 -2.17722209e-13]
 [-0.00000000e+00 -2.78451391e-04  1.21489122e+00  4.04578569e-02
   2.36760654e-03  2.53287996e-07 -3.00449720e-08  2.97845001e-11
  -8.42509066e-10 -3.04052291e-15 -7.14624791e-14]
 [-0.00000000e+00 -1.75413713e-04  3.94685886e+00  8.47302170e-03
  -2.79281423e-04 -6.24290440e-07 -2.90836312e-08  1.67957776e-10
   4.05626032e-12  4.17793378e-15 -3.87768835e-13]
 [ 0.00000000e+00 -1.49856221e-04 -6.65788536e-01  2.85947643e-02
   1.62696290e-03 -2.82866946e-07  1.06647767e-08 -1.67379600e-10
  -3.55706605e-10  2.38787525e-15 -3.38728122e-14]
 [-0.00000000e+00  5.66918200e-06  1.52616275e-01  2.94786615e-04
   2.12447122e-03  3.98012809e-07  8.62705285e-08  4.24093470e-12
   9.88961735e-13 -7.38510778e-15  2.34921260e-13]
 [ 0.00000000e+00 -2.03238417e-04 -5.70566996e-01 -1.17634199e-03
   6.61521139e-04  9.38077906e-10  1.26919639e-07  4.15309274e-11
  -7.58882915e-10  2.12504276e-16  4.91036067e-18]
 [ 0.00000000e+00 -1.04021231e-05  2.28607507e-01  4.20118765e-03
  -2.02511866e-03 -1.27309640e-06  1.27704585e-08  4.65078703e-11
   6.49576387e-10 -2.59952085e-16  4.17035972e-17]
 [-0.00000000e+00  1.07291811e-04  2.16619185e-01  1.57676936e-02
  -1.84551933e-03  6.32375061e-08  2.67008922e-08 -3.01306421e-12
  -2.26726139e-10 -4.26535759e-15  7.34130818e-14]
 [-0.00000000e+00  7.91930764e-05 -9.89452424e-01 -3.74513080e-02
  -6.77651211e-04  1.97664908e-07 -1.43655598e-08 -2.43165791e-10
  -4.01014749e-10 -3.42667736e-15 -1.92214690e-15]
 [-0.00000000e+00  6.84430193e-05  9.63011735e-01  1.38529375e-02
   2.37417389e-03 -9.14013537e-09  5.42348550e-08 -1.90590928e-10
  -2.69315065e-11 -2.54684659e-15 -2.57634289e-14]]
