
Generation : 0
[0.0, 0.1240317450077846, -6.211941063144333, 0.04933903144709126, 0.03810848157715883, 8.132366097133624e-05, -6.018769160916912e-05, -1.251585565299179e-07, 3.484096383229681e-08, 4.1614924993407104e-11, -6.732420176902565e-12]
[7.752332834582305, 9.612717549039115, -0.11392987566233792, 4.505720013118399, -4.231503891251522, -0.17380568455656054, 6.213101626076536, 4.964795375004014, -7.92593607965705, 7.451307901145306, 0.5581687060157918]
[-3.016502605793061, -8.85708589282052, -4.976971112971893, 0.5516749590585075, -7.016140758639429, 4.162886511218364, 6.731736131106668, 0.9871922163706621, -5.937620794077976, -0.5587285132762592, 6.518936255877101]
[-6.6334614509890155, -0.30971568100476965, -1.489518294131134, 7.922389610143213, -9.939128535326212, 0.4975999369226827, 4.754463816088087, -6.566047296579358, -1.3482579989737502, 6.671759288317748, 1.1297465741106372]
[-4.833399262305931, -0.7135843022051134, 7.986188107624454, -9.1238633304629, -4.508580008658525, -3.8777281506303707, -9.705999244375844, 7.886060724303867, -7.141536773766517, -2.163985234212551, 8.773955273323718]
[4.906977832337487, 4.249926224456351, 6.284786837601587, -3.692833170314316, 0.7119456902279211, 1.6272127089189716, 7.5070712965379975, 5.368535115363189, 3.4373614718913075, -0.2848523068822022, 9.055439372926678]
[5.57875567470944, -7.857908816819627, -9.066328170900135, -2.342367024925749, -7.594346455553962, -7.218139993165458, -0.7428160383349578, -9.366913835192634, -1.5054499035312787, -7.037493584839547, 5.213499919265745]
[-7.4181697116795835, -5.114828557757624, 3.045592397873687, -9.275872488747554, 6.831421804616031, 7.505889231792114, 8.610620092247782, 0.46182463996015244, -6.2807286489946, 8.501155575011023, -8.484486141928713]
[-2.972496693083988, 4.3435730895301266, -8.093070398051294, 8.981583317394488, -5.508822534642479, 7.781297471034851, 7.825955329984897, 7.10091934107939, 8.965525421624768, 6.057925117169013, 4.690765249696572]
[5.337206476471961, 7.8485211171175955, 4.926941583078797, 6.392048762452763, 7.76601370029487, -2.6390265026577486, -4.766920962481118, -9.768760017636673, -0.3148296793958938, 4.744437318357658, 8.750948100607044]
[5.597182377616978, 4.999982015655091, -5.031477218722236, 1.7437798410293333, 0.39718099191442136, -0.7516668323640232, -6.384368768778228, -3.9007961052059077, 4.643029349870858, 7.417226884367693, -8.71933513228267]
[-9.050056376723186, -5.2534046867340844, 3.6016110267514243, -3.9247289859602885, -1.2776474572395564, 8.226380080068221, 0.44025074637406725, 5.922643828298357, 5.558285060304769, 3.413347508045451, 5.32831633460523]
[7.024856973990929, 2.522194258426506, 8.428295630268241, -3.059708156571059, -5.954714146071581, 5.129817377497631, 2.1201385416539775, -4.896992913362093, 9.681324492006048, 8.552888399243571, 2.3111109948498036]
[2.111882871079489, 0.6261940160398698, 0.7633681358003415, -6.041198392485754, -3.8573738007361236, 2.2844239720362935, 6.2605476772276845, 2.718979023457184, 8.906158698374774, 3.00721157611199, -1.455064980905318]
[2.8603266352752144, -9.503343477383059, 2.28810974856189, -7.419379220053255, 7.103222239413785, -4.1713555253945245, -5.55629241380861, -4.646425741957438, -5.8002007007737095, 3.6568478218315477, -1.9842954688525438]
[-4.874704638717988, -7.980887068929388, 6.843368521178544, -0.9874582884332757, -7.72210448275281, 4.9961213174905605, 8.872933494817726, 8.559325083971668, -6.101412572077935, -3.614176044662976, -7.93111495564685]
Current best: 3625792.834235452

Generation : 1
[2.111882871079489, 0.6261940160398698, 0.7633681358003415, -6.041198392485754, -3.8573738007361236, 2.2844239720362935, 6.2605476772276845, 2.718979023457184, 8.906158698374774, 3.00721157611199, -1.455064980905318]
[7.024856973990929, 2.522194258426506, 8.428295630268241, -3.059708156571059, -5.954714146071581, 5.129817377497631, 2.1201385416539775, -4.896992913362093, 9.681324492006048, 8.552888399243571, 2.3111109948498036]
[2.8603266352752144, -9.503343477383059, 2.28810974856189, -7.419379220053255, 7.103222239413785, -4.1713555253945245, -5.55629241380861, -4.646425741957438, -5.8002007007737095, 3.6568478218315477, -1.9842954688525438]
[0.0, 0.1240317450077846, -6.211941063144333, 0.04933903144709126, 0.03810848157715883, 8.132366097133624e-05, -6.018769160916912e-05, -1.251585565299179e-07, 3.484096383229681e-08, 4.1614924993407104e-11, -6.732420176902565e-12]
[5.57875567470944, -7.857908816819627, -9.066328170900135, -2.342367024925749, -7.594346455553962, -7.218139993165458, -0.7428160383349578, -9.366913835192634, -1.5054499035312787, -7.037493584839547, 5.213499919265745]
[-4.874704638717988, -7.980887068929388, 6.843368521178544, -0.9874582884332757, -7.72210448275281, 4.9961213174905605, 8.872933494817726, 8.559325083971668, -6.101412572077935, -3.614176044662976, -7.93111495564685]
[5.597182377616978, 4.999982015655091, -5.031477218722236, 1.7437798410293333, 0.39718099191442136, -0.7516668323640232, -6.384368768778228, -3.9007961052059077, 4.643029349870858, 7.417226884367693, -8.71933513228267]
[7.752332834582305, 9.612717549039115, -0.11392987566233792, 4.505720013118399, -4.231503891251522, -0.17380568455656054, 6.213101626076536, 4.964795375004014, -7.92593607965705, 7.451307901145306, 0.5581687060157918]
[2.1095464862885795, 0.6104591638560177, 0.815158742057563, -5.839475539914537, -3.821532213663289, 5.249456343816571, 2.1977054014271977, -4.813379013496849, 9.770793458614717, 8.64099771559415, 2.3406448087277445]
[7.025253183620575, 2.439274743773687, 8.380719992992528, -2.8767481928207355, -5.953217703287323, -4.205714806574128, -5.500940769662515, -4.517411454168734, -6.048527963387981, 3.6476492327045884, -2.132650297467023]
[2.8428396773145805, -9.4488149889884, 2.158023570258004, -7.433189069156527, 6.894626238446615, -0.07512286604025019, -0.042408356278208985, -0.06176746167912333, 0.1379969585016468, 0.04584847045443553, 0.13795451632904338]
[-0.02331648845820072, 0.12325338703851012, -6.241919421763052, 0.05739649955861263, 0.06352982579003227, -7.146545179768594, -0.7342598342963337, -9.287991825477354, -1.4048714144629715, -6.968230341657157, 5.270306896965142]
[5.526450862155876, -7.84922683223558, -8.90734802565611, -2.2239799678161845, -7.619767043301932, 4.994034098425781, 8.939489682949624, 8.683948259726892, -6.208629110090338, -3.676332734497534, -7.909411476145199]
[-4.798249874642968, -7.983938023364589, 6.743294578132393, -0.8694928140778785, -7.754158872507882, -0.890735864015801, -6.358614681533067, -4.062415718562235, 4.670384183440837, 7.4684469873532775, -8.525144360153286]
[5.488806798202693, 4.929384620421681, -4.9954372798489235, 1.7126522458132554, 0.5195690170867182, -0.23177677455783158, 6.4372401980716525, 5.027990982641223, -7.873567106918637, 7.439023058519734, 0.6216835749552028]
[7.691723355322789, 9.641566540707336, -0.10325734779435844, 4.509190274644397, -3.9887663241992772, 2.3196170026252334, 6.192816282328861, 2.6052498969307876, 8.887510409406518, 3.106587126629921, -1.388148830733865]
Current best: 3625792.834235452

Generation : 2
[-4.874704638717988, -7.980887068929388, 6.843368521178544, -0.9874582884332757, -7.72210448275281, 4.9961213174905605, 8.872933494817726, 8.559325083971668, -6.101412572077935, -3.614176044662976, -7.93111495564685]
[5.57875567470944, -7.857908816819627, -9.066328170900135, -2.342367024925749, -7.594346455553962, -7.218139993165458, -0.7428160383349578, -9.366913835192634, -1.5054499035312787, -7.037493584839547, 5.213499919265745]
[2.8428396773145805, -9.4488149889884, 2.158023570258004, -7.433189069156527, 6.894626238446615, -0.07512286604025019, -0.042408356278208985, -0.06176746167912333, 0.1379969585016468, 0.04584847045443553, 0.13795451632904338]
[-4.798249874642968, -7.983938023364589, 6.743294578132393, -0.8694928140778785, -7.754158872507882, -0.890735864015801, -6.358614681533067, -4.062415718562235, 4.670384183440837, 7.4684469873532775, -8.525144360153286]
[0.0, 0.1240317450077846, -6.211941063144333, 0.04933903144709126, 0.03810848157715883, 8.132366097133624e-05, -6.018769160916912e-05, -1.251585565299179e-07, 3.484096383229681e-08, 4.1614924993407104e-11, -6.732420176902565e-12]
[7.752332834582305, 9.612717549039115, -0.11392987566233792, 4.505720013118399, -4.231503891251522, -0.17380568455656054, 6.213101626076536, 4.964795375004014, -7.92593607965705, 7.451307901145306, 0.5581687060157918]
[2.8603266352752144, -9.503343477383059, 2.28810974856189, -7.419379220053255, 7.103222239413785, -4.1713555253945245, -5.55629241380861, -4.646425741957438, -5.8002007007737095, 3.6568478218315477, -1.9842954688525438]
[7.691723355322789, 9.641566540707336, -0.10325734779435844, 4.509190274644397, -3.9887663241992772, 2.3196170026252334, 6.192816282328861, 2.6052498969307876, 8.887510409406518, 3.106587126629921, -1.388148830733865]
[-4.8944348229973595, -8.100562885617187, 6.912566580995329, -0.8322465025056947, -7.704972137213342, -7.225949298598962, -0.8100894090341204, -9.30179261389996, -1.2968912845113267, -6.843370348692183, 5.139025849777314]
[5.616064556981605, -7.655669728188478, -9.000312319322648, -2.290261708096349, -7.515687391767176, -0.01914625004630756, -0.31514569381385366, -0.05049471259534583, 0.2890771281507468, -0.061326081500678586, 0.11840336908259372]
[2.8031985717725485, -9.458547581415955, 2.243518491244131, -7.3435982835416365, 6.758938388179597, -0.8701289242445469, -6.174237378323319, -4.125516744030562, 4.787111793207009, 7.482576095681082, -8.591580877694833]
[-4.812428125916026, -8.1173791094015, 6.699182752965743, -1.0754589536111725, -7.714972172082301, 0.013287958097407727, -0.004603225664831238, 0.1625273462157605, -0.07395581898112968, -0.15336604684769306, -0.008205597829492232]
[0.03716267129622294, 0.20032149833254367, -6.149529043000509, -0.05316069473955867, 0.13039285343568965, -0.19037990841390012, 6.15269161059741, 5.030075032020241, -8.016204047768971, 7.452511754006115, 0.7502788927446267]
[7.820670242757967, 9.555983810635768, -0.1355216309324146, 4.309745170376187, -4.256591802031746, -4.143298601354992, -5.676391052906369, -4.545364286539251, -5.756782131608907, 3.7149995472027717, -1.778800520010402]
[2.7990040581362696, -9.446885695066838, 2.2820130512908325, -7.481226351532929, 7.058660526698136, 2.3847798877412054, 6.196587701764885, 2.575022840806652, 9.030733428799167, 3.124549292759702, -1.382514014045713]
[7.665070990626839, 9.714263539475567, -0.09178947725028341, 4.429504721757288, -3.8613923384741082, 4.971637664130231, 8.749890999494987, 8.658743083422367, -6.194520296865939, -3.6959254372641586, -7.88339953850222]
Current best: 3625792.834235452

Generation : 3
[-4.812428125916026, -8.1173791094015, 6.699182752965743, -1.0754589536111725, -7.714972172082301, 0.013287958097407727, -0.004603225664831238, 0.1625273462157605, -0.07395581898112968, -0.15336604684769306, -0.008205597829492232]
[7.752332834582305, 9.612717549039115, -0.11392987566233792, 4.505720013118399, -4.231503891251522, -0.17380568455656054, 6.213101626076536, 4.964795375004014, -7.92593607965705, 7.451307901145306, 0.5581687060157918]
[-4.798249874642968, -7.983938023364589, 6.743294578132393, -0.8694928140778785, -7.754158872507882, -0.890735864015801, -6.358614681533067, -4.062415718562235, 4.670384183440837, 7.4684469873532775, -8.525144360153286]
[7.665070990626839, 9.714263539475567, -0.09178947725028341, 4.429504721757288, -3.8613923384741082, 4.971637664130231, 8.749890999494987, 8.658743083422367, -6.194520296865939, -3.6959254372641586, -7.88339953850222]
[0.0, 0.1240317450077846, -6.211941063144333, 0.04933903144709126, 0.03810848157715883, 8.132366097133624e-05, -6.018769160916912e-05, -1.251585565299179e-07, 3.484096383229681e-08, 4.1614924993407104e-11, -6.732420176902565e-12]
[2.8428396773145805, -9.4488149889884, 2.158023570258004, -7.433189069156527, 6.894626238446615, -0.07512286604025019, -0.042408356278208985, -0.06176746167912333, 0.1379969585016468, 0.04584847045443553, 0.13795451632904338]
[2.8603266352752144, -9.503343477383059, 2.28810974856189, -7.419379220053255, 7.103222239413785, -4.1713555253945245, -5.55629241380861, -4.646425741957438, -5.8002007007737095, 3.6568478218315477, -1.9842954688525438]
[-4.8944348229973595, -8.100562885617187, 6.912566580995329, -0.8322465025056947, -7.704972137213342, -7.225949298598962, -0.8100894090341204, -9.30179261389996, -1.2968912845113267, -6.843370348692183, 5.139025849777314]
[-4.771657045994266, -8.038176565341432, 6.644262506663201, -1.0119632066954807, -7.62885572453153, -0.05667203693865265, 6.237430174469034, 5.136876237625931, -7.931292812073961, 7.407182843766396, 0.49765002316428397]
[7.819436319893656, 9.581602120704678, -0.07429047364780474, 4.30699993402089, -4.389267817458266, -0.9927088254881165, -6.389694759825039, -3.94923184699588, 4.574884862078267, 7.4400799797338735, -8.554161735147405]
[-4.963485247501495, -7.9195067751780455, 6.820249844033702, -0.8552584146094768, -7.682489214332733, 5.086486296185443, 8.819341131078135, 8.744872481373507, -6.100532150030093, -3.7302984623689723, -7.845053326187732]
[7.668943580662759, 9.598415437441542, -0.01935868262459481, 4.524054302981819, -3.8929514032032824, -0.12125362077732434, -0.01201570383291949, 0.13379883027203857, -0.16927448805680861, 0.1458466416561773, 0.18388235994553298]
[-0.1505975426570645, 0.22331007509345818, -6.260621555060295, -0.04723059410207037, 0.1599588863491688, -0.03137890410078585, -0.0022558138156052385, -0.14586168003594524, 0.06520236781326345, -0.06189802978403937, 0.17109964181726964]
[2.862430999234432, -9.279633033429809, 2.085156819046566, -7.391642724655447, 6.892402730736392, -4.1005222469033775, -5.623556457454668, -4.644943947371458, -5.832668093711048, 3.6136292771869116, -1.9572416670994925]
[2.9288704237883683, -9.487781648280192, 2.417504573694494, -7.41266799855238, 6.978245122627045, -7.223577337313474, -0.9145146545126726, -9.212591733623002, -1.209560894843834, -6.879634677659257, 5.175841922175914]
[-4.914731181711798, -8.0344504789384, 6.97875511887095, -0.8091930383955507, -7.863936393924293, 0.10479856230821448, -0.021431194713206588, 0.1879564998523171, -0.07914365845006247, -0.01065813630134324, 0.1840094924316327]
Current best: 3625792.834235452

Generation : 4
[2.8428396773145805, -9.4488149889884, 2.158023570258004, -7.433189069156527, 6.894626238446615, -0.07512286604025019, -0.042408356278208985, -0.06176746167912333, 0.1379969585016468, 0.04584847045443553, 0.13795451632904338]
[0.0, 0.1240317450077846, -6.211941063144333, 0.04933903144709126, 0.03810848157715883, 8.132366097133624e-05, -6.018769160916912e-05, -1.251585565299179e-07, 3.484096383229681e-08, 4.1614924993407104e-11, -6.732420176902565e-12]
[7.668943580662759, 9.598415437441542, -0.01935868262459481, 4.524054302981819, -3.8929514032032824, -0.12125362077732434, -0.01201570383291949, 0.13379883027203857, -0.16927448805680861, 0.1458466416561773, 0.18388235994553298]
[-4.914731181711798, -8.0344504789384, 6.97875511887095, -0.8091930383955507, -7.863936393924293, 0.10479856230821448, -0.021431194713206588, 0.1879564998523171, -0.07914365845006247, -0.01065813630134324, 0.1840094924316327]
[-4.8944348229973595, -8.100562885617187, 6.912566580995329, -0.8322465025056947, -7.704972137213342, -7.225949298598962, -0.8100894090341204, -9.30179261389996, -1.2968912845113267, -6.843370348692183, 5.139025849777314]
[2.9288704237883683, -9.487781648280192, 2.417504573694494, -7.41266799855238, 6.978245122627045, -7.223577337313474, -0.9145146545126726, -9.212591733623002, -1.209560894843834, -6.879634677659257, 5.175841922175914]
[2.862430999234432, -9.279633033429809, 2.085156819046566, -7.391642724655447, 6.892402730736392, -4.1005222469033775, -5.623556457454668, -4.644943947371458, -5.832668093711048, 3.6136292771869116, -1.9572416670994925]
[-4.812428125916026, -8.1173791094015, 6.699182752965743, -1.0754589536111725, -7.714972172082301, 0.013287958097407727, -0.004603225664831238, 0.1625273462157605, -0.07395581898112968, -0.15336604684769306, -0.008205597829492232]
[2.902161490473351, -9.411327828202335, 2.2670982472069343, -7.51502884494077, 6.952638320525909, -0.09444363902212048, 0.10152147265396019, -0.03836439152413332, -0.1544169238841422, 0.11391930099687221, -0.1066728342125422]
[0.0078028770087326706, 0.1167519133601876, -6.309429159949559, -0.01637130239671454, 0.08766891956465495, -0.14332340696435725, -0.12812659680977728, 0.19124046002704612, -0.4106363174496511, 0.2222838869158961, 0.2072517501038454]
[7.669058701025697, 9.464518944246015, -0.17656783229476639, 4.674607896324685, -3.8794354030145657, 0.19139046138904037, 0.08725089866699928, 0.25347147913093626, -0.1691167396343395, -0.10542259851096342, 0.16156211103563933]
[-4.932616085039563, -8.058288018270924, 7.049266242455284, -0.858461369343782, -7.855345815985238, -7.428906836077181, -0.7882880833068514, -9.431224611519042, -1.2358686151241831, -6.854405290607728, 5.170902259707766]
[-4.9261075090284985, -8.089256177586748, 6.992578329187893, -0.759115376568037, -7.697254322544083, -7.0490641947909305, -0.9545719322803604, -9.200498000647826, -1.2254702501367765, -6.878922553388225, 5.123978697203543]
[2.9616332068711158, -9.408928074872835, 2.5263441006836382, -7.267360780818465, 7.214599994919267, -4.196853933522231, -5.606089330897996, -4.453245712184538, -6.036985983815912, 3.7765442171508896, -1.9251227166625096]
[2.80516720355908, -9.231804897175941, 2.225076980117403, -7.423959607014385, 7.081273825127207, -0.10718258715101217, -0.0263449582248342, 0.2410645249228797, -0.015391908363430983, -0.08323174605062593, -0.26721505680723584]
[-4.777077549091224, -8.237543327962861, 6.659759357592026, -1.042800594081177, -7.700643478294069, -0.07704451656786435, -0.057322909399796326, 0.08571127988138283, 0.22336195034314216, 0.015927869972475386, 0.21564960936881067]
Current best: 3625792.834235452

Generation : 5
[2.9616332068711158, -9.408928074872835, 2.5263441006836382, -7.267360780818465, 7.214599994919267, -4.196853933522231, -5.606089330897996, -4.453245712184538, -6.036985983815912, 3.7765442171508896, -1.9251227166625096]
[7.669058701025697, 9.464518944246015, -0.17656783229476639, 4.674607896324685, -3.8794354030145657, 0.19139046138904037, 0.08725089866699928, 0.25347147913093626, -0.1691167396343395, -0.10542259851096342, 0.16156211103563933]
[2.902161490473351, -9.411327828202335, 2.2670982472069343, -7.51502884494077, 6.952638320525909, -0.09444363902212048, 0.10152147265396019, -0.03836439152413332, -0.1544169238841422, 0.11391930099687221, -0.1066728342125422]
[-4.812428125916026, -8.1173791094015, 6.699182752965743, -1.0754589536111725, -7.714972172082301, 0.013287958097407727, -0.004603225664831238, 0.1625273462157605, -0.07395581898112968, -0.15336604684769306, -0.008205597829492232]
[0.0, 0.1240317450077846, -6.211941063144333, 0.04933903144709126, 0.03810848157715883, 8.132366097133624e-05, -6.018769160916912e-05, -1.251585565299179e-07, 3.484096383229681e-08, 4.1614924993407104e-11, -6.732420176902565e-12]
[2.8428396773145805, -9.4488149889884, 2.158023570258004, -7.433189069156527, 6.894626238446615, -0.07512286604025019, -0.042408356278208985, -0.06176746167912333, 0.1379969585016468, 0.04584847045443553, 0.13795451632904338]
[2.862430999234432, -9.279633033429809, 2.085156819046566, -7.391642724655447, 6.892402730736392, -4.1005222469033775, -5.623556457454668, -4.644943947371458, -5.832668093711048, 3.6136292771869116, -1.9572416670994925]
[-4.914731181711798, -8.0344504789384, 6.97875511887095, -0.8091930383955507, -7.863936393924293, 0.10479856230821448, -0.021431194713206588, 0.1879564998523171, -0.07914365845006247, -0.01065813630134324, 0.1840094924316327]
[3.113074862419574, -9.3505848818122, 2.5066952206620874, -7.117741538352408, 7.316306438132165, 0.22219765052362228, 0.03892848277428236, 0.49169731994934085, -0.2759230193836061, -0.1566528801896022, 0.17866774110878406]
[7.671156815849995, 9.467566973021503, -0.2407016021530937, 4.749097066249664, -3.92383963933418, -0.13336859068652843, -0.012776559316424255, -0.052390448662993826, -0.26864985940072533, 0.04466195613249212, -0.01333948932863363]
[3.0631517130948276, -9.256476063983914, 2.103721257243016, -7.6345146569682685, 6.996011293291374, -0.07700375850132032, 0.039407298651937483, 0.30974943211642847, -0.014080039602668112, -0.07631198144895462, 0.10014171666984548]
[-4.697425786317281, -8.08314065033796, 6.8166361701518845, -1.2221312806670679, -7.723398853955914, -0.028317810276604884, 0.035348596952123716, 0.1593963873862526, 0.11759363083639326, -0.17555601851475983, 0.0062723233686204395]
[0.08758502733709342, 0.1262660973659328, -6.092929954642333, 0.08408184322705595, 0.1037827002407343, -0.23348019086047123, -0.04160601255708366, 0.026270418468442643, 0.09625247441905467, 0.03702888703919284, 0.12909059120644079]
[3.0417239339423245, -9.370903931371238, 1.947532512498776, -7.57996385235598, 6.856169851154691, -4.165673973188376, -5.486430216664975, -4.495190218667264, -6.025312830881086, 3.531134973508789, -1.9241377848220815]
[2.6982826866249887, -9.284903665227812, 2.0701341399870357, -7.355554503288548, 6.864475670602284, 0.21116521245785896, -0.17980817830356272, 0.14998938641635717, -0.11978534101460805, -0.08208451961168191, 0.3380098650085013]
[-4.91787591685857, -7.999666629905141, 7.046917967740078, -0.9673259182846916, -7.858220195799063, -4.2584758251098505, -5.576990858682294, -4.54978687435995, -6.055579716130603, 3.8319582414436413, -2.020646900760284]
Current best: 3625792.834235452

Generation : 6
[0.08758502733709342, 0.1262660973659328, -6.092929954642333, 0.08408184322705595, 0.1037827002407343, -0.23348019086047123, -0.04160601255708366, 0.026270418468442643, 0.09625247441905467, 0.03702888703919284, 0.12909059120644079]
[0.0, 0.1240317450077846, -6.211941063144333, 0.04933903144709126, 0.03810848157715883, 8.132366097133624e-05, -6.018769160916912e-05, -1.251585565299179e-07, 3.484096383229681e-08, 4.1614924993407104e-11, -6.732420176902565e-12]
[2.862430999234432, -9.279633033429809, 2.085156819046566, -7.391642724655447, 6.892402730736392, -4.1005222469033775, -5.623556457454668, -4.644943947371458, -5.832668093711048, 3.6136292771869116, -1.9572416670994925]
[-4.697425786317281, -8.08314065033796, 6.8166361701518845, -1.2221312806670679, -7.723398853955914, -0.028317810276604884, 0.035348596952123716, 0.1593963873862526, 0.11759363083639326, -0.17555601851475983, 0.0062723233686204395]
[-4.812428125916026, -8.1173791094015, 6.699182752965743, -1.0754589536111725, -7.714972172082301, 0.013287958097407727, -0.004603225664831238, 0.1625273462157605, -0.07395581898112968, -0.15336604684769306, -0.008205597829492232]
[3.0631517130948276, -9.256476063983914, 2.103721257243016, -7.6345146569682685, 6.996011293291374, -0.07700375850132032, 0.039407298651937483, 0.30974943211642847, -0.014080039602668112, -0.07631198144895462, 0.10014171666984548]
[3.113074862419574, -9.3505848818122, 2.5066952206620874, -7.117741538352408, 7.316306438132165, 0.22219765052362228, 0.03892848277428236, 0.49169731994934085, -0.2759230193836061, -0.1566528801896022, 0.17866774110878406]
[2.902161490473351, -9.411327828202335, 2.2670982472069343, -7.51502884494077, 6.952638320525909, -0.09444363902212048, 0.10152147265396019, -0.03836439152413332, -0.1544169238841422, 0.11391930099687221, -0.1066728342125422]
[0.1823168167693404, 0.0792598877594275, -6.276921688452782, 0.08485861633048408, 0.1774533885507815, -0.005038902982956842, 0.07522268722994492, 0.03834996296023289, 0.04251471786226593, -0.10136247841224807, 0.007902577767061731]
[-0.013479166291385512, -0.018129961306124598, -6.202867636660711, -0.16258223115380777, 0.05965696731280472, -3.9773381837049357, -5.822407820543219, -4.814736951165758, -5.7146117283718665, 3.8263532376472678, -1.753533347016475]
[2.841803497133228, -9.440709839877767, 2.312600332176757, -7.4728118282843194, 6.860494786420934, -0.10874311798030481, -0.09578280356460125, 0.22165779005501424, 0.07705431963287854, -0.15415607826674135, -0.08317812270067163]
[-4.728508163586709, -7.962119538371671, 6.879465326684602, -1.260761464639476, -7.641478054386251, -0.11323990278187017, -0.0470250097690566, 0.2833537372703966, -0.04011727234156687, -0.37112197535199276, 0.2035254377958093]
[-4.776724245582147, -8.2840180761646, 6.674103155277917, -1.0236535312038797, -7.658494937910298, -0.0553989622449207, -0.04138930773102817, 0.4377365513340643, -0.10883731177543796, -0.08863590920977377, 0.14218177621802713]
[2.83211446504633, -9.363450724243974, 2.2364428088134516, -7.619099054742454, 6.929030514901913, 0.19014071941987842, 0.02897981241204177, 0.4387838354234014, -0.32827270682011506, -0.050857409252788754, -0.009162668018481507]
[3.0110536921560658, -9.392413591152016, 2.3506503857239016, -7.008091288583057, 7.2451807576010205, -0.04842209299134593, 0.12242589428973269, -0.12345248482610001, -0.09509626190284454, 0.07498581689408441, 0.005143090440684853]
[2.952900337530945, -9.277054628258718, 2.146534620300334, -7.64176887824653, 6.8064654652336225, -0.24683078884343698, -0.03383724313875092, 0.1663369489447276, 0.2523259558910002, 0.031381608730133896, 0.02834151826463252]
Current best: 3625792.834235452

Generation : 7
[0.1823168167693404, 0.0792598877594275, -6.276921688452782, 0.08485861633048408, 0.1774533885507815, -0.005038902982956842, 0.07522268722994492, 0.03834996296023289, 0.04251471786226593, -0.10136247841224807, 0.007902577767061731]
[2.841803497133228, -9.440709839877767, 2.312600332176757, -7.4728118282843194, 6.860494786420934, -0.10874311798030481, -0.09578280356460125, 0.22165779005501424, 0.07705431963287854, -0.15415607826674135, -0.08317812270067163]
[3.0110536921560658, -9.392413591152016, 2.3506503857239016, -7.008091288583057, 7.2451807576010205, -0.04842209299134593, 0.12242589428973269, -0.12345248482610001, -0.09509626190284454, 0.07498581689408441, 0.005143090440684853]
[-4.697425786317281, -8.08314065033796, 6.8166361701518845, -1.2221312806670679, -7.723398853955914, -0.028317810276604884, 0.035348596952123716, 0.1593963873862526, 0.11759363083639326, -0.17555601851475983, 0.0062723233686204395]
[0.08758502733709342, 0.1262660973659328, -6.092929954642333, 0.08408184322705595, 0.1037827002407343, -0.23348019086047123, -0.04160601255708366, 0.026270418468442643, 0.09625247441905467, 0.03702888703919284, 0.12909059120644079]
[-4.728508163586709, -7.962119538371671, 6.879465326684602, -1.260761464639476, -7.641478054386251, -0.11323990278187017, -0.0470250097690566, 0.2833537372703966, -0.04011727234156687, -0.37112197535199276, 0.2035254377958093]
[0.0, 0.1240317450077846, -6.211941063144333, 0.04933903144709126, 0.03810848157715883, 8.132366097133624e-05, -6.018769160916912e-05, -1.251585565299179e-07, 3.484096383229681e-08, 4.1614924993407104e-11, -6.732420176902565e-12]
[2.952900337530945, -9.277054628258718, 2.146534620300334, -7.64176887824653, 6.8064654652336225, -0.24683078884343698, -0.03383724313875092, 0.1663369489447276, 0.2523259558910002, 0.031381608730133896, 0.02834151826463252]
[0.1479902392209591, 0.04333286959579178, -6.199173984382578, 0.03229315062543853, 0.30027667154945764, -0.1287721921416151, -0.04069702559479289, 0.08548364899709054, 0.08243165449323032, -0.20693101182029514, 0.03446885357568204]
[2.755116144744793, -9.413232058156568, 2.1425785390163123, -7.5675145200456315, 6.862148558737249, -0.0917382185912144, 0.03642126142640294, -0.1310506538021649, 0.026553948991100196, 0.016642180483715387, -0.06305121732364768]
[2.970016546299079, -9.272777757210482, 2.1914224921936674, -6.924140964108819, 7.180550087675604, -0.07683134353292158, 0.1081744192420121, 0.18427277445635656, 0.12540481758478655, -0.29777881701886827, 0.22032382811313836]
[-4.591076108128438, -7.9390669380228855, 6.8119020322995825, -1.1797394989228907, -7.595818129867783, -0.2663726899940926, -0.20806116327435945, 0.06243556465380917, 0.3024122407978219, 0.14269019861368676, 0.27064727863939564]
[0.1552263503801617, 0.23408674062621515, -6.03704965589013, -0.00885881205402797, 0.1303416636660628, -0.1954495837148469, -0.1584911962794497, 0.39532229522594425, 0.06745606149423705, -0.5305332443267964, 0.3654357954728231]
[-4.730004091018908, -8.056522968565153, 7.046994617312228, -1.3506160508005212, -7.604119645484677, -0.11174583875645913, -0.0841669310231828, -0.0841918829141636, 0.2838708365976258, -0.044424332311669826, -0.056499533262973134]
[-0.0965507024739925, 0.004112278356858942, -6.228082377130667, 0.04544750202860595, 0.3786765932799421, -0.23505988699017039, -0.16001450429519168, 0.1783992132534129, 0.18523414985192344, -0.1888802408022399, 0.0747664513223546]
[3.114790910274047, -9.241344083595594, 2.208382093135771, -7.48246600697341, 6.7251616815447, -0.06310927263852942, 0.19992791878824173, 0.08437839826521551, 0.04542157875914142, -0.1291904539751672, 0.04820516532486467]
Current best: 3625792.834235452

Generation : 8
[-4.730004091018908, -8.056522968565153, 7.046994617312228, -1.3506160508005212, -7.604119645484677, -0.11174583875645913, -0.0841669310231828, -0.0841918829141636, 0.2838708365976258, -0.044424332311669826, -0.056499533262973134]
[-4.697425786317281, -8.08314065033796, 6.8166361701518845, -1.2221312806670679, -7.723398853955914, -0.028317810276604884, 0.035348596952123716, 0.1593963873862526, 0.11759363083639326, -0.17555601851475983, 0.0062723233686204395]
[0.0, 0.1240317450077846, -6.211941063144333, 0.04933903144709126, 0.03810848157715883, 8.132366097133624e-05, -6.018769160916912e-05, -1.251585565299179e-07, 3.484096383229681e-08, 4.1614924993407104e-11, -6.732420176902565e-12]
[2.841803497133228, -9.440709839877767, 2.312600332176757, -7.4728118282843194, 6.860494786420934, -0.10874311798030481, -0.09578280356460125, 0.22165779005501424, 0.07705431963287854, -0.15415607826674135, -0.08317812270067163]
[-4.728508163586709, -7.962119538371671, 6.879465326684602, -1.260761464639476, -7.641478054386251, -0.11323990278187017, -0.0470250097690566, 0.2833537372703966, -0.04011727234156687, -0.37112197535199276, 0.2035254377958093]
[0.1479902392209591, 0.04333286959579178, -6.199173984382578, 0.03229315062543853, 0.30027667154945764, -0.1287721921416151, -0.04069702559479289, 0.08548364899709054, 0.08243165449323032, -0.20693101182029514, 0.03446885357568204]
[0.08758502733709342, 0.1262660973659328, -6.092929954642333, 0.08408184322705595, 0.1037827002407343, -0.23348019086047123, -0.04160601255708366, 0.026270418468442643, 0.09625247441905467, 0.03702888703919284, 0.12909059120644079]
[3.0110536921560658, -9.392413591152016, 2.3506503857239016, -7.008091288583057, 7.2451807576010205, -0.04842209299134593, 0.12242589428973269, -0.12345248482610001, -0.09509626190284454, 0.07498581689408441, 0.005143090440684853]
[-4.658920690027988, -8.365214168803922, 6.895851437454155, -1.4400354935055582, -7.6208364426124575, -0.11507890370188209, -0.05014657419481767, 0.25539908985078535, 0.21467042851779108, -0.18035850713525048, -0.043306328311445125]
[-4.753301758692796, -8.110002121100635, 6.809844840859564, -1.2973482200310615, -7.8203043504732115, 0.12243042167935402, 0.0636166689307198, 0.18933954781529103, -0.07229313487738036, -0.014778157374879987, 0.22771726639503365]
[0.05155986473676512, 0.2967443727784477, -6.076801316558058, 0.02988885945672979, -0.0493610482731229, -0.17476562345956836, -0.035515245271302925, 0.12320843028398823, 0.19871829469485564, -0.15503194290748956, -0.13073899972402808]
[2.969770371491639, -9.578570790110236, 2.1718757034675793, -7.478652437488738, 6.982820127393086, -0.17036714804908698, -0.11012920350908839, 0.3332030226139501, -0.039146877550988037, -0.255972406915642, 0.19484617295633075]
[-5.025381935847774, -7.981012583245723, 6.9365768091612185, -1.2955507116768583, -7.66341056257854, -0.25843001371761676, -0.17826550526991536, 0.09601318432513682, 0.17133678287273005, -0.21540390429929526, 0.0233501144065269]
[0.0848267083639247, 0.14477087770799876, -6.300452778100264, -0.04582254749314611, 0.318890930117743, -0.2265857665367156, 0.05740037394691628, 0.04460190080845022, 0.07473673186624505, -0.05969095580773648, 0.23913060658358518]
[0.00953796586634667, 0.1420460869877815, -6.106124547518314, 0.09997687282915699, -0.07344970556971736, -0.01956784586633522, -0.010759227659144277, -0.09744251699879666, -0.07532337910365747, 0.07242478418439638, -0.20221904250680778]
[2.8405988284546737, -9.385414600790535, 2.263373820488642, -6.996025330954621, 7.117217511238356, 0.006913002704041396, -0.11377879277412098, 0.04745587811738988, 0.27265085060532235, 0.0016314502569750103, -0.019558234342336514]
Current best: 3625792.834235452

Generation : 9
[-5.025381935847774, -7.981012583245723, 6.9365768091612185, -1.2955507116768583, -7.66341056257854, -0.25843001371761676, -0.17826550526991536, 0.09601318432513682, 0.17133678287273005, -0.21540390429929526, 0.0233501144065269]
[2.8405988284546737, -9.385414600790535, 2.263373820488642, -6.996025330954621, 7.117217511238356, 0.006913002704041396, -0.11377879277412098, 0.04745587811738988, 0.27265085060532235, 0.0016314502569750103, -0.019558234342336514]
[2.841803497133228, -9.440709839877767, 2.312600332176757, -7.4728118282843194, 6.860494786420934, -0.10874311798030481, -0.09578280356460125, 0.22165779005501424, 0.07705431963287854, -0.15415607826674135, -0.08317812270067163]
[-4.728508163586709, -7.962119538371671, 6.879465326684602, -1.260761464639476, -7.641478054386251, -0.11323990278187017, -0.0470250097690566, 0.2833537372703966, -0.04011727234156687, -0.37112197535199276, 0.2035254377958093]
[-4.658920690027988, -8.365214168803922, 6.895851437454155, -1.4400354935055582, -7.6208364426124575, -0.11507890370188209, -0.05014657419481767, 0.25539908985078535, 0.21467042851779108, -0.18035850713525048, -0.043306328311445125]
[3.0110536921560658, -9.392413591152016, 2.3506503857239016, -7.008091288583057, 7.2451807576010205, -0.04842209299134593, 0.12242589428973269, -0.12345248482610001, -0.09509626190284454, 0.07498581689408441, 0.005143090440684853]
[-4.697425786317281, -8.08314065033796, 6.8166361701518845, -1.2221312806670679, -7.723398853955914, -0.028317810276604884, 0.035348596952123716, 0.1593963873862526, 0.11759363083639326, -0.17555601851475983, 0.0062723233686204395]
[0.0, 0.1240317450077846, -6.211941063144333, 0.04933903144709126, 0.03810848157715883, 8.132366097133624e-05, -6.018769160916912e-05, -1.251585565299179e-07, 3.484096383229681e-08, 4.1614924993407104e-11, -6.732420176902565e-12]
[-5.224801317677247, -7.8970774709691565, 6.926328422121797, -1.4849579257753722, -7.624010993766795, -0.08553489710286302, -0.17254931989156147, -0.09057901624867196, 0.0328242435845153, -0.024433183799366952, -0.10093299372059965]
[2.891245042772807, -9.348663325292534, 2.3237560737050003, -6.843457480030424, 7.195940497495926, 0.1267584749497261, -0.14690407044938597, 0.23894851205324458, 0.11016893573140102, -0.3339472827023561, -0.17396729720697077]
[2.8392122518231426, -9.17667101627775, 2.3939461593721467, -7.421191171447131, 6.840282951365685, -0.11773030868979797, -0.10415379265123861, 0.31837723023387937, 0.05811487622387786, -0.3942449205235651, 0.40276916163565213]
[-4.609316376293234, -7.913451019620705, 6.927342787943369, -1.1650300353769178, -7.630473480727214, -0.16248983050429627, 0.3270970928751237, 0.31320991329695635, 0.21867697541308068, -0.1316422703017688, 0.03840718438794835]
[-4.698381085363895, -8.262228638389566, 6.757895540627469, -1.49740086567029, -7.620394055359314, -0.17157309044087593, 0.1683903000637435, -0.10491774396296223, 0.0014524901076455182, 0.020065986201866372, 0.011273955779958364]
[3.0415119435168596, -9.299040182698642, 2.3638748323931447, -6.970254325173086, 7.24261137130774, -0.001518013764342057, -0.010978890861852705, 0.10841353177364242, -0.04230915930456422, -0.25328503461482826, 0.03737520510325605]
[-4.717057288772606, -7.991355616677124, 6.706648814864588, -1.1694110774739406, -7.494939834781833, 0.17509040818666788, 0.07115691936843592, 0.04532423782235859, -0.22106673091851722, -0.01352435944788903, -0.21493083324861612]
[-0.028484715509462473, 0.1693901946684874, -6.200862758994721, 0.13245261170075132, 0.023813684416131325, -0.2093877090434729, -0.35475003663137894, 0.007314676591213848, 0.17550738367197816, 0.048590533520117524, 0.0030461765769589054]
Current best: 3625792.834235452
[[-5.22480132e+00 -7.89707747e+00  6.92632842e+00 -1.48495793e+00
  -7.62401099e+00 -8.55348971e-02 -1.72549320e-01 -9.05790162e-02
   3.28242436e-02 -2.44331838e-02 -1.00932994e-01]
 [ 2.84059883e+00 -9.38541460e+00  2.26337382e+00 -6.99602533e+00
   7.11721751e+00  6.91300270e-03 -1.13778793e-01  4.74558781e-02
   2.72650851e-01  1.63145026e-03 -1.95582343e-02]
 [-4.72850816e+00 -7.96211954e+00  6.87946533e+00 -1.26076146e+00
  -7.64147805e+00 -1.13239903e-01 -4.70250098e-02  2.83353737e-01
  -4.01172723e-02 -3.71121975e-01  2.03525438e-01]
 [ 3.01105369e+00 -9.39241359e+00  2.35065039e+00 -7.00809129e+00
   7.24518076e+00 -4.84220930e-02  1.22425894e-01 -1.23452485e-01
  -9.50962619e-02  7.49858169e-02  5.14309044e-03]
 [-2.84847155e-02  1.69390195e-01 -6.20086276e+00  1.32452612e-01
   2.38136844e-02 -2.09387709e-01 -3.54750037e-01  7.31467659e-03
   1.75507384e-01  4.85905335e-02  3.04617658e-03]
 [-4.60931638e+00 -7.91345102e+00  6.92734279e+00 -1.16503004e+00
  -7.63047348e+00 -1.62489831e-01  3.27097093e-01  3.13209913e-01
   2.18676975e-01 -1.31642270e-01  3.84071844e-02]
 [ 0.00000000e+00  1.24031745e-01 -6.21194106e+00  4.93390314e-02
   3.81084816e-02  8.13236610e-05 -6.01876916e-05 -1.25158557e-07
   3.48409638e-08  4.16149250e-11 -6.73242018e-12]
 [-4.65892069e+00 -8.36521417e+00  6.89585144e+00 -1.44003549e+00
  -7.62083644e+00 -1.15078904e-01 -5.01465742e-02  2.55399090e-01
   2.14670429e-01 -1.80358507e-01 -4.33063283e-02]
 [-5.14009268e+00 -7.87917392e+00  6.92615696e+00 -1.58678321e+00
  -7.71122456e+00 -4.89704817e-02  9.22004762e-04 -2.64349635e-02
   1.89981853e-01 -1.46021338e-02 -1.69043027e-01]
 [ 2.78283764e+00 -9.37812859e+00  2.42019639e+00 -6.86134286e+00
   7.13725835e+00  3.59419222e-02 -6.79700846e-02  2.42044543e-01
  -2.23019023e-01 -2.95097919e-01  2.81519118e-01]
 [-4.63643573e+00 -7.86152956e+00  6.74795190e+00 -1.11620695e+00
  -7.57737342e+00 -1.49124346e-01  1.27025873e-01 -1.22611257e-02
  -6.43228479e-02  2.34137024e-01 -1.19248278e-03]
 [ 2.83742845e+00 -9.31916188e+00  2.35423645e+00 -7.17027568e+00
   7.36876075e+00 -2.12516924e-01 -2.15447822e-01  8.17219659e-02
   1.52091995e-01  6.33968381e-02 -1.34944471e-01]
 [ 1.45674054e-01  1.56608671e-01 -6.19964241e+00  2.80454980e-01
   9.75207251e-02 -1.71993950e-01  3.53269873e-01  3.87336862e-01
   1.28680459e-01 -1.89286481e-01 -1.09787115e-01]
 [-4.70900506e+00 -7.95852703e+00  6.85787610e+00 -9.76188919e-01
  -7.66761795e+00  1.73899160e-01  2.92485934e-02  1.36887286e-01
  -4.68201847e-02  1.69761267e-01  2.27952175e-01]
 [-8.40328252e-02  1.75516102e-01 -6.33697638e+00 -1.11951150e-01
  -8.57306894e-02 -9.67500260e-02  2.15742526e-02  1.87124024e-01
   1.46375484e-01 -1.29154014e-01 -1.25025371e-01]
 [-4.66538011e+00 -8.25179057e+00  6.82950969e+00 -1.48961287e+00
  -7.58897065e+00 -6.72757801e-02 -1.15941043e-01 -7.45962697e-02
   2.43905278e-02  2.00719074e-04 -8.82850769e-02]]
