
Generation : 0
[0.0, 0.1240317450077846, -6.211941063144333, 0.04933903144709126, 0.03810848157715883, 8.132366097133624e-05, -6.018769160916912e-05, -1.251585565299179e-07, 3.484096383229681e-08, 4.1614924993407104e-11, -6.732420176902565e-12]
[4.394111433003507, 8.69335182927298, -6.709733962886125, 0.5617267477895602, -9.35732352729255, 1.2846590129238251, -4.107251903467826, 7.804347578787976, 9.727382494009408, -0.9738049665656483, -9.534649131515163]
[-2.2438358530438496, 3.1065029223847453, -9.237118402677172, 5.176054955563297, -7.765519836521532, 9.886153548529258, 3.060327839719452, 0.5776778578627066, 4.018134722200724, 8.45534432874095, -2.2498545085706283]
[-2.973679977721395, -7.120274711388417, 4.688670542497269, -3.591754520412989, -4.644365895260448, 9.804273011495546, -7.479564036796839, 4.203859220784405, 5.285182905273773, -8.10788320898575, 8.00874846913009]
[-8.416489126080116, 2.629765579145676, 3.45353631586233, 4.563637147000454, 1.5581870906002173, -2.8364850037131184, 0.94665677387116, -5.418065883813206, 7.245176812006939, 4.961597493305664, -0.8943505648208383]
[-3.1268696927478086, 2.281585878614287, -9.506326503562182, 6.301904408267003, -5.784691391746608, 2.4674959523533637, -4.1200581805050485, -3.179822568749664, 6.712205194809336, 8.823214976283978, 4.749742580685449]
[-3.368785319584351, -6.434928770355075, -5.857841063943323, -0.8990799457190484, 3.9265623995328607, 6.151611668405536, -8.895472504057677, 1.1278174432761858, -6.191703740590122, -1.985515685835761, -7.080873110543169]
[7.334837052281575, 2.0960340313966945, 9.363487307544347, 2.228527057156114, 8.249272404032798, 6.311181141738405, -0.5541619644778262, 0.7157799958572841, -6.325132661947559, -1.2502547572156537, -6.9912965351261125]
[6.507042519712876, 1.6425359190361082, 4.188372980962365, -0.0300523826934338, 4.795074094803391, 9.986617243216099, 9.485053644720736, -3.140207055897384, 7.434517565801244, 0.1681347984413879, 8.41791762497056]
[-4.270948447834428, 9.384926106006613, 1.80250350897383, -1.5363457368463695, 2.4832642037342616, 5.472463380944895, -4.220990880836791, 1.8079521557579525, 4.237903474818419, 3.332838736637271, -0.4174895207964031]
[-9.114045720589345, -4.762038412782585, -8.576684219392561, 0.35252760998655575, -5.570830404087159, -4.461394725448107, -7.790698986193014, -0.7774573181618187, 7.281844238535072, -0.1887467654784487, 8.2231695515291]
[-3.652768763400984, 8.274685782095432, -9.294490146812036, -3.5571224867402833, -9.798861473263653, -8.075215956622479, -1.4429309301050743, 0.18300194789254576, 8.357473582440338, 7.470826695709917, 9.28173911796074]
[-0.2508413769558011, -2.015838240334613, 8.976524678713425, -1.3144968247134852, -7.348559637556393, 0.14249866772421882, 0.9148304497909692, 5.945830357082734, 0.10200853594514392, -7.688520737826958, -4.528017356806043]
[2.134458608403399, -7.016284307665403, -2.788812364980773, -3.702378645953872, 2.596839237046586, 9.319135288079025, -4.915793490897946, 6.084195359636546, -6.684002739804993, -0.8456500965539337, 1.4270110615008633]
[-1.9270271004348913, -5.604523320958927, -6.874738668579948, -8.299490246698708, -2.684822716764068, 7.660907230767734, 9.201408379118064, -5.89589921952631, 9.881193291170089, 3.052903928893535, 9.351815749762384]
[-4.681806876505094, 6.05798867363271, -0.8112346406773856, 1.5403785006223032, -7.580083636246502, 1.4162737255233395, -5.71897162951597, -2.638946174316919, -7.55295941019652, 1.1590644798152603, 0.031342000855129726]
Current best: 3625792.834235452

Generation : 1
[2.134458608403399, -7.016284307665403, -2.788812364980773, -3.702378645953872, 2.596839237046586, 9.319135288079025, -4.915793490897946, 6.084195359636546, -6.684002739804993, -0.8456500965539337, 1.4270110615008633]
[-9.114045720589345, -4.762038412782585, -8.576684219392561, 0.35252760998655575, -5.570830404087159, -4.461394725448107, -7.790698986193014, -0.7774573181618187, 7.281844238535072, -0.1887467654784487, 8.2231695515291]
[0.0, 0.1240317450077846, -6.211941063144333, 0.04933903144709126, 0.03810848157715883, 8.132366097133624e-05, -6.018769160916912e-05, -1.251585565299179e-07, 3.484096383229681e-08, 4.1614924993407104e-11, -6.732420176902565e-12]
[-8.416489126080116, 2.629765579145676, 3.45353631586233, 4.563637147000454, 1.5581870906002173, -2.8364850037131184, 0.94665677387116, -5.418065883813206, 7.245176812006939, 4.961597493305664, -0.8943505648208383]
[-3.652768763400984, 8.274685782095432, -9.294490146812036, -3.5571224867402833, -9.798861473263653, -8.075215956622479, -1.4429309301050743, 0.18300194789254576, 8.357473582440338, 7.470826695709917, 9.28173911796074]
[7.334837052281575, 2.0960340313966945, 9.363487307544347, 2.228527057156114, 8.249272404032798, 6.311181141738405, -0.5541619644778262, 0.7157799958572841, -6.325132661947559, -1.2502547572156537, -6.9912965351261125]
[-4.681806876505094, 6.05798867363271, -0.8112346406773856, 1.5403785006223032, -7.580083636246502, 1.4162737255233395, -5.71897162951597, -2.638946174316919, -7.55295941019652, 1.1590644798152603, 0.031342000855129726]
[-4.270948447834428, 9.384926106006613, 1.80250350897383, -1.5363457368463695, 2.4832642037342616, 5.472463380944895, -4.220990880836791, 1.8079521557579525, 4.237903474818419, 3.332838736637271, -0.4174895207964031]
[1.8945967347447632, -6.825112598987964, -3.0003343848064716, -3.509230871117063, 2.3095134205567254, 9.089926453509415, -5.1790224947669055, 5.655824940558471, -6.201112210609552, -0.7801009012911928, 1.5778620042062228]
[-0.008628312338236606, 0.06705552680087198, -6.310618118958605, 0.12488398344469491, 0.13725561850594623, 0.12320908755197217, 0.09495497020443365, 0.03588369097583918, 0.06287414283050027, 0.22039933955764354, -0.16435111514714323]
[-0.03544441063599953, 0.08328233188993181, -6.2353046613236245, -0.006183268413679728, 0.015403725269321853, 0.09383295994308663, 0.13187289888795808, 0.02673147470708383, -0.05744199415067201, -0.029607023118688076, -0.04277539921695159]
[-8.374447123162069, 2.594635551782997, 3.267680093604731, 4.484013556366249, 1.3990187846204407, -2.9275721626211144, 0.7790797867666261, -5.345967150739389, 7.267601586841037, 4.846372030433667, -0.8326653320584619]
[3.2586263960263087, 4.2635770236918455, 2.4999961902092136, 0.23727814219664078, 1.7730261268331389, 1.0873535826539087, -0.9099466686434314, 0.42589844403803234, -0.965707666710256, 2.0681773168369677, -1.0876456867712736]
[-4.683036880815763, 6.147830916997579, -0.7260215144532238, 1.6804008492942277, -7.556599348210594, 1.4168159301688534, -5.4566481792481, -2.4524349920816273, -7.635292068564563, 1.0581491574421407, 0.18477224642177353]
[-4.5965945380899695, 6.03736898658297, -1.030844676698546, 1.4429034420687605, -7.518860780490861, 1.5683355622882487, -5.777876239928546, -2.7607387249051984, -7.6085574920746275, 1.1031200837922726, 0.20033096935455763]
[-3.7375196134969126, 8.175713588043667, 1.4021014060983619, -1.9558567927357693, 2.493657968325909, 5.8311272778857175, -4.282087923402877, 2.0465198034616665, 3.3316681072446195, 3.0907575441110957, -0.3188512131075386]
Current best: 3625792.834235452

Generation : 2
[2.134458608403399, -7.016284307665403, -2.788812364980773, -3.702378645953872, 2.596839237046586, 9.319135288079025, -4.915793490897946, 6.084195359636546, -6.684002739804993, -0.8456500965539337, 1.4270110615008633]
[0.0, 0.1240317450077846, -6.211941063144333, 0.04933903144709126, 0.03810848157715883, 8.132366097133624e-05, -6.018769160916912e-05, -1.251585565299179e-07, 3.484096383229681e-08, 4.1614924993407104e-11, -6.732420176902565e-12]
[-3.7375196134969126, 8.175713588043667, 1.4021014060983619, -1.9558567927357693, 2.493657968325909, 5.8311272778857175, -4.282087923402877, 2.0465198034616665, 3.3316681072446195, 3.0907575441110957, -0.3188512131075386]
[-0.03544441063599953, 0.08328233188993181, -6.2353046613236245, -0.006183268413679728, 0.015403725269321853, 0.09383295994308663, 0.13187289888795808, 0.02673147470708383, -0.05744199415067201, -0.029607023118688076, -0.04277539921695159]
[-4.681806876505094, 6.05798867363271, -0.8112346406773856, 1.5403785006223032, -7.580083636246502, 1.4162737255233395, -5.71897162951597, -2.638946174316919, -7.55295941019652, 1.1590644798152603, 0.031342000855129726]
[-4.683036880815763, 6.147830916997579, -0.7260215144532238, 1.6804008492942277, -7.556599348210594, 1.4168159301688534, -5.4566481792481, -2.4524349920816273, -7.635292068564563, 1.0581491574421407, 0.18477224642177353]
[-4.5965945380899695, 6.03736898658297, -1.030844676698546, 1.4429034420687605, -7.518860780490861, 1.5683355622882487, -5.777876239928546, -2.7607387249051984, -7.6085574920746275, 1.1031200837922726, 0.20033096935455763]
[-0.008628312338236606, 0.06705552680087198, -6.310618118958605, 0.12488398344469491, 0.13725561850594623, 0.12320908755197217, 0.09495497020443365, 0.03588369097583918, 0.06287414283050027, 0.22039933955764354, -0.16435111514714323]
[-0.17183861896020347, 0.007715018954247602, -6.163282117368313, -0.15392357736905196, 0.02147307349532387, -0.008566428779701953, 0.14794008631753208, 0.1135118502720402, 0.10477167740704091, -0.15300245332643875, 0.0028178399000786153]
[-0.002464432316926478, 0.04187642273641387, -6.018938903638751, 0.03204552342620297, 0.14583196216879216, 0.054281354185518854, 0.11316452763497396, -0.17938260799178204, -0.009750830040631745, -0.14412393687823985, 0.12688890670004313]
[-0.15580418620487696, 0.12779502408896853, -6.001366309995004, -0.013028023438898625, 0.21516697625026657, 0.04249267516697247, 0.13048032704960494, 0.14049488451550304, -0.014675686872162436, -0.151002995957719, -0.014901995717098972]
[-2.722030938439796, 3.555784413574691, -3.0708989034755434, 0.8652957546263008, -4.323821517931726, 0.9244305040977581, -3.119374433487881, -1.549879210997752, -4.314296448319267, 0.6497082022128225, -0.03154918082764966]
[-4.822937915330253, 6.03889407775254, -0.8731441472587134, 1.5595603113981813, -7.676096493153615, 1.4321777884707652, -5.6807128039964185, -2.5669061434152303, -7.318418447865997, 1.2810407489798645, 0.20232231043862697]
[-4.543703866387594, 6.048794575454749, -0.8255783701162711, 1.6883238688020081, -7.527984227732028, 1.6815132130233303, -5.422193682286066, -2.5372928029138717, -7.663829628443197, 1.0161119998448556, 0.2087218827995076]
[-1.8176780305668483, 2.408999927212822, -4.203310889914972, 0.454093148822291, -3.0754911952641835, 0.5596826818742604, -2.223305849266608, -1.0038103039470578, -3.134456780119209, 0.5001384403099856, -0.019358813806003263]
[0.019238438312389087, 0.026025271397425206, -6.299948372535082, 0.15952974183639118, 0.2935980687852006, 0.296878005582536, -0.007531985009078004, 0.16703251074316175, -0.34550270600433625, 0.22697232762754083, -0.017388235039480837]
Current best: 3625792.834235452

Generation : 3
[2.134458608403399, -7.016284307665403, -2.788812364980773, -3.702378645953872, 2.596839237046586, 9.319135288079025, -4.915793490897946, 6.084195359636546, -6.684002739804993, -0.8456500965539337, 1.4270110615008633]
[-0.15580418620487696, 0.12779502408896853, -6.001366309995004, -0.013028023438898625, 0.21516697625026657, 0.04249267516697247, 0.13048032704960494, 0.14049488451550304, -0.014675686872162436, -0.151002995957719, -0.014901995717098972]
[-0.008628312338236606, 0.06705552680087198, -6.310618118958605, 0.12488398344469491, 0.13725561850594623, 0.12320908755197217, 0.09495497020443365, 0.03588369097583918, 0.06287414283050027, 0.22039933955764354, -0.16435111514714323]
[-2.722030938439796, 3.555784413574691, -3.0708989034755434, 0.8652957546263008, -4.323821517931726, 0.9244305040977581, -3.119374433487881, -1.549879210997752, -4.314296448319267, 0.6497082022128225, -0.03154918082764966]
[-1.8176780305668483, 2.408999927212822, -4.203310889914972, 0.454093148822291, -3.0754911952641835, 0.5596826818742604, -2.223305849266608, -1.0038103039470578, -3.134456780119209, 0.5001384403099856, -0.019358813806003263]
[0.0, 0.1240317450077846, -6.211941063144333, 0.04933903144709126, 0.03810848157715883, 8.132366097133624e-05, -6.018769160916912e-05, -1.251585565299179e-07, 3.484096383229681e-08, 4.1614924993407104e-11, -6.732420176902565e-12]
[-0.17183861896020347, 0.007715018954247602, -6.163282117368313, -0.15392357736905196, 0.02147307349532387, -0.008566428779701953, 0.14794008631753208, 0.1135118502720402, 0.10477167740704091, -0.15300245332643875, 0.0028178399000786153]
[-4.683036880815763, 6.147830916997579, -0.7260215144532238, 1.6804008492942277, -7.556599348210594, 1.4168159301688534, -5.4566481792481, -2.4524349920816273, -7.635292068564563, 1.0581491574421407, 0.18477224642177353]
[-0.22991804144148986, 0.1095043521234583, -6.071406885171082, 0.11405907563932763, 0.29701768761735914, 0.07215189315766933, 0.11468452387851635, 0.17952088548051998, -0.03363641334701446, -0.06667043443286473, 0.006648849348341522]
[-0.1690931310342647, 0.025145883277881254, -6.074766427605752, 0.10658414816277041, 0.17884207402534788, 0.02056788219352911, 0.25296418540258464, 0.17895971830516605, -0.0200983904529767, -0.24539569887214896, -0.14730854284150746]
[-2.570510920565937, 3.5734983340211453, -3.1903993593003026, 0.8561262163084039, -4.089793397083419, 0.7772543501846175, -3.0827533711229003, -1.5481821251111079, -4.165468486056615, 0.6400013532046775, -0.25670811099026725]
[-2.05902085781954, 2.655745555909067, -4.038240049358829, 0.6313198690907471, -3.4847270031071504, 0.7457041418451433, -2.5601143980003545, -1.0273843012909767, -3.5346029806080264, 0.5670939288193507, -0.14139936533851433]
[0.008637095040093551, 0.18123334189105886, -6.254798526466711, 0.015171577725297841, -0.09924594849051113, -0.06102471343763837, 0.033249818714468256, -0.020039402816335972, -0.015328425719226192, -0.14848904317836495, 0.17584741521599762]
[0.08390037031562785, 0.25516306132352706, -6.335875745575139, -0.09674941889944205, -0.1021887870427346, 0.00800888846295706, 0.1443657528360869, 0.1933593294060645, -0.008400289361829183, -0.062444200756859254, 0.07671818886001437]
[-0.10223589945901658, -0.013049562770811826, -6.037599575515816, -0.24107951533557617, 0.030625843497858563, 0.21310516116379, 0.08383039628444552, 0.18959726814526023, 0.1250207393363635, -0.25224010092437366, 0.11488973121260806]
[-4.601502220514293, 5.924114514888664, -0.8938903840857524, 1.6617047048831903, -7.433403847688475, 1.4593192010526495, -5.527340890252468, -2.3860599909424307, -7.5717915893614665, 0.9187792090592095, 0.19863164892896087]
Current best: 3625792.834235452

Generation : 4
[-2.722030938439796, 3.555784413574691, -3.0708989034755434, 0.8652957546263008, -4.323821517931726, 0.9244305040977581, -3.119374433487881, -1.549879210997752, -4.314296448319267, 0.6497082022128225, -0.03154918082764966]
[-0.15580418620487696, 0.12779502408896853, -6.001366309995004, -0.013028023438898625, 0.21516697625026657, 0.04249267516697247, 0.13048032704960494, 0.14049488451550304, -0.014675686872162436, -0.151002995957719, -0.014901995717098972]
[0.0, 0.1240317450077846, -6.211941063144333, 0.04933903144709126, 0.03810848157715883, 8.132366097133624e-05, -6.018769160916912e-05, -1.251585565299179e-07, 3.484096383229681e-08, 4.1614924993407104e-11, -6.732420176902565e-12]
[-0.17183861896020347, 0.007715018954247602, -6.163282117368313, -0.15392357736905196, 0.02147307349532387, -0.008566428779701953, 0.14794008631753208, 0.1135118502720402, 0.10477167740704091, -0.15300245332643875, 0.0028178399000786153]
[-0.22991804144148986, 0.1095043521234583, -6.071406885171082, 0.11405907563932763, 0.29701768761735914, 0.07215189315766933, 0.11468452387851635, 0.17952088548051998, -0.03363641334701446, -0.06667043443286473, 0.006648849348341522]
[-4.683036880815763, 6.147830916997579, -0.7260215144532238, 1.6804008492942277, -7.556599348210594, 1.4168159301688534, -5.4566481792481, -2.4524349920816273, -7.635292068564563, 1.0581491574421407, 0.18477224642177353]
[-0.10223589945901658, -0.013049562770811826, -6.037599575515816, -0.24107951533557617, 0.030625843497858563, 0.21310516116379, 0.08383039628444552, 0.18959726814526023, 0.1250207393363635, -0.25224010092437366, 0.11488973121260806]
[2.134458608403399, -7.016284307665403, -2.788812364980773, -3.702378645953872, 2.596839237046586, 9.319135288079025, -4.915793490897946, 6.084195359636546, -6.684002739804993, -0.8456500965539337, 1.4270110615008633]
[-0.49915350220301347, 0.53754278743119, -5.670575963359201, 0.31007901370168345, -0.4937235602753903, 0.14853321282525644, -0.37415985903558213, -0.0961099698926976, -0.6728041390446017, -0.0017814346035833796, 0.07061709299639318]
[0.07995263347099184, 0.16581035896492918, -6.4382584280098225, 0.1752350332591516, -0.027035745892722514, -0.0988889985198449, -0.061740632000688765, 0.06481972393027056, -0.009447793673443044, -0.06890988142750169, -0.030358276720516216]
[-0.03659030301818641, 0.10888934525784144, -6.209184642582301, 0.09530061008814797, 0.06998279107801955, -0.042358491372687095, -0.012162728609722104, -0.015654788744080547, 0.01363976893092031, -0.2784692913557226, -0.16849737639627563]
[-0.10100739431836901, -0.12900014854014322, -6.263052636081239, -0.06653585999122921, 0.10770830958183374, 0.2423931858794069, 0.09903371506310951, 0.030881835376492653, 0.054152832678360664, -0.19363087556651276, -0.1341635369128814]
[0.08676148737184297, -0.02644603525099927, -6.0291720899812855, 0.15449516286197723, 0.3043485731892377, 0.16011334094707885, 0.07504102963393502, 0.11877980558775285, -0.0234798448721325, -0.1029687275739977, -0.08025417530767698]
[-1.5714075651655344, 1.7602624717458972, -4.499371486318887, 0.2804983199394836, -2.0884421237328246, 0.7420830068089738, -1.6056847759856878, -0.5390360407744276, -2.1136161623610423, 0.1678081623857576, -0.07643455938093988]
[-0.37185908793365696, 0.03385813558798544, -5.94975127541327, -0.35283411204714593, 0.05887212628053154, 0.33618309534104845, 0.07944571154890293, 0.20388594623206052, 0.09461882913606187, -0.3754128373131493, 0.2022303060767549]
[-2.8822146339480197, 3.6490128312690295, -3.0290032348901854, 0.937122038790301, -4.263318924302448, 1.0090379328084245, -3.0878517197041964, -1.6343061685439517, -4.362364772528394, 0.4797564144190423, -0.08717979440711943]
Current best: 3625792.834235452

Generation : 5
[-0.10223589945901658, -0.013049562770811826, -6.037599575515816, -0.24107951533557617, 0.030625843497858563, 0.21310516116379, 0.08383039628444552, 0.18959726814526023, 0.1250207393363635, -0.25224010092437366, 0.11488973121260806]
[0.07995263347099184, 0.16581035896492918, -6.4382584280098225, 0.1752350332591516, -0.027035745892722514, -0.0988889985198449, -0.061740632000688765, 0.06481972393027056, -0.009447793673443044, -0.06890988142750169, -0.030358276720516216]
[-0.17183861896020347, 0.007715018954247602, -6.163282117368313, -0.15392357736905196, 0.02147307349532387, -0.008566428779701953, 0.14794008631753208, 0.1135118502720402, 0.10477167740704091, -0.15300245332643875, 0.0028178399000786153]
[2.134458608403399, -7.016284307665403, -2.788812364980773, -3.702378645953872, 2.596839237046586, 9.319135288079025, -4.915793490897946, 6.084195359636546, -6.684002739804993, -0.8456500965539337, 1.4270110615008633]
[0.0, 0.1240317450077846, -6.211941063144333, 0.04933903144709126, 0.03810848157715883, 8.132366097133624e-05, -6.018769160916912e-05, -1.251585565299179e-07, 3.484096383229681e-08, 4.1614924993407104e-11, -6.732420176902565e-12]
[-0.49915350220301347, 0.53754278743119, -5.670575963359201, 0.31007901370168345, -0.4937235602753903, 0.14853321282525644, -0.37415985903558213, -0.0961099698926976, -0.6728041390446017, -0.0017814346035833796, 0.07061709299639318]
[-0.22991804144148986, 0.1095043521234583, -6.071406885171082, 0.11405907563932763, 0.29701768761735914, 0.07215189315766933, 0.11468452387851635, 0.17952088548051998, -0.03363641334701446, -0.06667043443286473, 0.006648849348341522]
[-0.15580418620487696, 0.12779502408896853, -6.001366309995004, -0.013028023438898625, 0.21516697625026657, 0.04249267516697247, 0.13048032704960494, 0.14049488451550304, -0.014675686872162436, -0.151002995957719, -0.014901995717098972]
[0.024044483490435996, 0.3696609479301825, -6.343055014191904, 0.06986029300138234, 0.02835668520264407, 0.03840661479000955, -0.02120747114450727, 0.18522815699813755, 0.09099389044070093, 0.13209470800267115, -0.11978662133511758]
[-0.19517140718361156, -0.0727471713221623, -6.076886950113997, -0.14735208953679718, 0.09818310311129687, -0.07902969933955965, 0.23231152897588167, 0.003857669593449145, 0.12312661440796391, -0.21574776022200468, 0.022423453128743633]
[-0.11288815009497158, 0.03736398113320542, -6.214594388833375, -0.08548830113165928, 0.14483559657062106, -0.04991186065901501, 0.08983755255538595, 0.15567030731485865, 0.03298406329665368, -0.1730363286886359, 0.06820581023906395]
[0.025257563857985155, 0.24797973303250828, -6.244988005631366, 0.243027444771499, -0.07697779030581636, -0.06658726467195085, -0.08594294393458475, 0.0433591522764996, -0.11660745266195682, 0.02625262939520613, -0.07708870769237958]
[0.038092572782410065, 0.07145198802420136, -6.181765779047657, 0.02060086035550035, 0.13069729695565394, 0.06999917202441794, 0.01960221676573443, -0.06142493251206315, 0.006081147166629819, 0.0005793071970647582, 0.14174307413819506]
[-0.19293811767986283, 0.17494582191008792, -6.137780287594502, 0.18099805463139262, 0.14396986466477646, -0.10087499599419122, 0.05250609468796145, 0.33100900186221094, 0.08283150640067818, -0.044606458683389236, -0.21940598646201567]
[-0.26912817837170333, -0.06340424113601299, -6.19207460774885, -0.003274116147903572, 0.20663815246923223, 0.0728758707387742, 0.1161258257500274, 0.11040406240181579, -0.17854338007407516, -0.14805056385687038, 0.016298663997635302]
[0.014110740378973557, 0.38132695117412785, -5.830606647953661, -0.007343990076500601, 0.29601973978493473, 0.08293658420589856, -0.051939835414162916, 0.06227569512349078, -0.008974494214602283, -0.15103272722750133, -0.037558900377517454]
Current best: 3625792.834235452

Generation : 6
[0.024044483490435996, 0.3696609479301825, -6.343055014191904, 0.06986029300138234, 0.02835668520264407, 0.03840661479000955, -0.02120747114450727, 0.18522815699813755, 0.09099389044070093, 0.13209470800267115, -0.11978662133511758]
[2.134458608403399, -7.016284307665403, -2.788812364980773, -3.702378645953872, 2.596839237046586, 9.319135288079025, -4.915793490897946, 6.084195359636546, -6.684002739804993, -0.8456500965539337, 1.4270110615008633]
[-0.26912817837170333, -0.06340424113601299, -6.19207460774885, -0.003274116147903572, 0.20663815246923223, 0.0728758707387742, 0.1161258257500274, 0.11040406240181579, -0.17854338007407516, -0.14805056385687038, 0.016298663997635302]
[0.07995263347099184, 0.16581035896492918, -6.4382584280098225, 0.1752350332591516, -0.027035745892722514, -0.0988889985198449, -0.061740632000688765, 0.06481972393027056, -0.009447793673443044, -0.06890988142750169, -0.030358276720516216]
[-0.19517140718361156, -0.0727471713221623, -6.076886950113997, -0.14735208953679718, 0.09818310311129687, -0.07902969933955965, 0.23231152897588167, 0.003857669593449145, 0.12312661440796391, -0.21574776022200468, 0.022423453128743633]
[-0.11288815009497158, 0.03736398113320542, -6.214594388833375, -0.08548830113165928, 0.14483559657062106, -0.04991186065901501, 0.08983755255538595, 0.15567030731485865, 0.03298406329665368, -0.1730363286886359, 0.06820581023906395]
[0.0, 0.1240317450077846, -6.211941063144333, 0.04933903144709126, 0.03810848157715883, 8.132366097133624e-05, -6.018769160916912e-05, -1.251585565299179e-07, 3.484096383229681e-08, 4.1614924993407104e-11, -6.732420176902565e-12]
[-0.15580418620487696, 0.12779502408896853, -6.001366309995004, -0.013028023438898625, 0.21516697625026657, 0.04249267516697247, 0.13048032704960494, 0.14049488451550304, -0.014675686872162436, -0.151002995957719, -0.014901995717098972]
[0.27798488592872195, 0.24487385381453536, -6.379695282113084, -0.032014308986051995, 0.187214482106403, 0.10745965640679139, -0.11808568030000341, 0.1820616280998535, -0.06206950917445556, 0.22814095511545374, -0.07509900397757566]
[-0.18166508822043087, -0.07606121448803202, -6.287046741590763, 0.05568326701431056, 0.1640511444013296, 0.29213472327514733, 0.030519652913167716, 0.12286448857799098, -0.11888474933757931, -0.018851513519375196, -0.11548260372158832]
[-0.16942004420215742, -0.06781338602664605, -6.091106303183973, 0.08744858201175128, 0.2142318414200205, 0.016091603002951385, 0.09186645092401384, 0.31013940930262923, -0.2798181979361351, 0.08747018840397722, -0.1992525162747501]
[-0.057268309087543504, 0.05617101180915493, -6.239164832319365, -0.155605865987673, 0.2992613198105939, -0.05875821290678558, 0.18607881384088185, -0.14236862074462525, 0.022546391704613117, -0.06884120868259615, 0.09928270964584854]
[-0.20614900527827876, -0.002250358934501255, -6.31234887468232, -0.18632584836408386, 0.049791062979517756, -0.036393953573184964, 0.3186414001497666, -0.11599204975350418, 0.07896685330398803, -0.15268544462013717, -0.0639659199882491]
[0.030435878983425153, 0.06617242137914132, -6.223072172810795, 0.04244517605917136, 0.017388601912483172, 0.02467081677448118, -0.019126881122887615, -0.023342587479211332, -0.01831627911939002, 0.11387611505049909, -0.1337856643775331]
[-0.178459694399843, 0.21460035597464355, -6.212951409532404, 0.057740544140999515, 0.022773448796609978, 0.002095905824449772, -0.06408919399674266, 0.14389134644103574, 0.08217067721852805, -0.03685325001141706, -0.0713500961850413]
[-0.03053249873129449, 0.09220119335965513, -5.956162945942393, -0.05835967742994952, 0.12945906247294645, -0.0011432304947440602, 0.041289721727714154, 0.29046886297979824, 0.04271874307521995, -0.19991403670538316, 0.0494534344331842]
Current best: 3625792.834235452

Generation : 7
[-0.16942004420215742, -0.06781338602664605, -6.091106303183973, 0.08744858201175128, 0.2142318414200205, 0.016091603002951385, 0.09186645092401384, 0.31013940930262923, -0.2798181979361351, 0.08747018840397722, -0.1992525162747501]
[0.030435878983425153, 0.06617242137914132, -6.223072172810795, 0.04244517605917136, 0.017388601912483172, 0.02467081677448118, -0.019126881122887615, -0.023342587479211332, -0.01831627911939002, 0.11387611505049909, -0.1337856643775331]
[-0.15580418620487696, 0.12779502408896853, -6.001366309995004, -0.013028023438898625, 0.21516697625026657, 0.04249267516697247, 0.13048032704960494, 0.14049488451550304, -0.014675686872162436, -0.151002995957719, -0.014901995717098972]
[-0.26912817837170333, -0.06340424113601299, -6.19207460774885, -0.003274116147903572, 0.20663815246923223, 0.0728758707387742, 0.1161258257500274, 0.11040406240181579, -0.17854338007407516, -0.14805056385687038, 0.016298663997635302]
[-0.19517140718361156, -0.0727471713221623, -6.076886950113997, -0.14735208953679718, 0.09818310311129687, -0.07902969933955965, 0.23231152897588167, 0.003857669593449145, 0.12312661440796391, -0.21574776022200468, 0.022423453128743633]
[0.0, 0.1240317450077846, -6.211941063144333, 0.04933903144709126, 0.03810848157715883, 8.132366097133624e-05, -6.018769160916912e-05, -1.251585565299179e-07, 3.484096383229681e-08, 4.1614924993407104e-11, -6.732420176902565e-12]
[-0.11288815009497158, 0.03736398113320542, -6.214594388833375, -0.08548830113165928, 0.14483559657062106, -0.04991186065901501, 0.08983755255538595, 0.15567030731485865, 0.03298406329665368, -0.1730363286886359, 0.06820581023906395]
[0.27798488592872195, 0.24487385381453536, -6.379695282113084, -0.032014308986051995, 0.187214482106403, 0.10745965640679139, -0.11808568030000341, 0.1820616280998535, -0.06206950917445556, 0.22814095511545374, -0.07509900397757566]
[-0.08827746783198198, 0.07191439771146543, -6.183318484973692, 0.023939749488208886, -0.07650885309381303, 0.12504252178502515, -0.007812369323724203, -0.04989349414798307, -0.16574910760916936, 0.06579562063026193, -0.2366064914426596]
[-0.21796639847190258, 0.0488151893552963, -5.876587159547008, -0.12241201492982376, 0.09378350257017529, -0.07529008544170795, -0.010521519840416022, 0.024915846670756442, 0.11098967379946077, -0.05782417656040249, 0.03693560226458491]
[-0.3418340532587948, -0.11369740025104978, -6.192232465682405, 0.02222556269130927, 0.11900240190125913, 0.07476019700125161, 0.03133876413548986, 0.21193536050913006, 0.12508556385581726, -0.23717604272734782, 0.08542197780395373]
[-0.36706326256669336, -0.05869557924148418, -6.032684480778687, 0.1494511635925215, 0.14929759371423562, 0.11757128284508654, 0.29472142931933654, 0.19371782895362236, -0.28072209656155955, -0.275709444455042, -0.18125150562880812]
[-0.10347662225421356, 0.11287523007545718, -6.037831452771853, -0.15810438334970234, 0.1247579400092117, 0.11054824690314559, -0.10373236791686966, 0.22910323680416694, 0.1646258220481067, 0.03114764471602693, 0.017084362049857867]
[0.026527868979575694, 0.199936084757413, -6.139627484007792, 0.11074608410990126, 0.03552807454395526, -0.05500992355502589, -0.0487372980278283, 0.05265471796557356, -0.15882342944092165, 0.009091666462751398, 0.0029099126106762563]
[0.14536019930373895, 0.1341469103052976, -6.385905214243522, 0.017905548484422364, -0.2132208972580745, 0.13602814291112944, 0.08788137517540735, 0.2300218847931374, 0.012545421947471182, -0.03131606695070681, 0.1776560097394484]
[0.32527577439028793, 0.1556987606434737, -6.356540025862054, 0.07304251368340606, 0.21892898793652638, 0.1881089052882665, -0.08911624727551459, 0.10209000227239541, -0.10333014612688352, 0.3624298001133597, 0.014835119711502087]
Current best: 3625792.834235452

Generation : 8
[0.32527577439028793, 0.1556987606434737, -6.356540025862054, 0.07304251368340606, 0.21892898793652638, 0.1881089052882665, -0.08911624727551459, 0.10209000227239541, -0.10333014612688352, 0.3624298001133597, 0.014835119711502087]
[-0.16942004420215742, -0.06781338602664605, -6.091106303183973, 0.08744858201175128, 0.2142318414200205, 0.016091603002951385, 0.09186645092401384, 0.31013940930262923, -0.2798181979361351, 0.08747018840397722, -0.1992525162747501]
[0.27798488592872195, 0.24487385381453536, -6.379695282113084, -0.032014308986051995, 0.187214482106403, 0.10745965640679139, -0.11808568030000341, 0.1820616280998535, -0.06206950917445556, 0.22814095511545374, -0.07509900397757566]
[-0.10347662225421356, 0.11287523007545718, -6.037831452771853, -0.15810438334970234, 0.1247579400092117, 0.11054824690314559, -0.10373236791686966, 0.22910323680416694, 0.1646258220481067, 0.03114764471602693, 0.017084362049857867]
[0.026527868979575694, 0.199936084757413, -6.139627484007792, 0.11074608410990126, 0.03552807454395526, -0.05500992355502589, -0.0487372980278283, 0.05265471796557356, -0.15882342944092165, 0.009091666462751398, 0.0029099126106762563]
[-0.26912817837170333, -0.06340424113601299, -6.19207460774885, -0.003274116147903572, 0.20663815246923223, 0.0728758707387742, 0.1161258257500274, 0.11040406240181579, -0.17854338007407516, -0.14805056385687038, 0.016298663997635302]
[-0.36706326256669336, -0.05869557924148418, -6.032684480778687, 0.1494511635925215, 0.14929759371423562, 0.11757128284508654, 0.29472142931933654, 0.19371782895362236, -0.28072209656155955, -0.275709444455042, -0.18125150562880812]
[0.0, 0.1240317450077846, -6.211941063144333, 0.04933903144709126, 0.03810848157715883, 8.132366097133624e-05, -6.018769160916912e-05, -1.251585565299179e-07, 3.484096383229681e-08, 4.1614924993407104e-11, -6.732420176902565e-12]
[0.4259439041510516, 0.08881584500943615, -6.386921480423185, 0.10087688095883268, 0.330042956532309, 0.29736822554308096, -0.21871096606950124, 0.1654763798557339, -0.1812799937729903, 0.22864462317282608, 0.1780412387791271]
[0.11205060108535977, 0.08680974799063029, -6.396344530642928, -0.062272273457725166, 0.17965707518257457, 0.04790652990511873, -0.09681624248021466, 0.08023432291193441, -0.18168761873263115, 0.24910859581386421, -0.02317790648027425]
[-0.12592706318035607, 0.07248164218061025, -6.0452085758654635, -0.22622681993572513, 0.2654921649553451, 0.00620769270622358, -0.14203846162625036, 0.13457807141014405, 0.22460182313097263, 0.01558480846701012, -0.07164901891990573]
[0.2665469163024392, 0.3341182796431684, -6.100134946347077, 0.09463337732874877, 0.2120952089043603, 0.07606850669936321, -0.026144201520703906, 0.040668770926803544, -0.2482501701708146, -0.12256536104553171, 0.17136871142424495]
[0.09164754368209614, 0.06323623027088307, -6.132658866810619, -0.03233095933553427, -0.0224024671048752, -0.040621545598999505, -0.17388509144235237, 0.07439187990238935, 0.00126876924658742, 0.12325804987265024, 0.010666687742952962]
[-0.2304240323500007, -0.14026750575328195, -5.995520369727803, 0.13767927789403334, 0.394636144268871, -0.05233258225122811, 0.0827837211103839, 0.11286511572839562, -0.09178330610670403, -0.14934283335482568, 0.15208666660663678]
[0.030288097332497366, 0.16899604034091092, -6.306843355649665, -0.053835690873205916, 0.04103706519195751, 0.040962075641023284, -0.015667835795953097, 0.03890802311476761, -0.12612495950701966, 0.07592251152801183, 0.06672468877924036]
[0.09902632265234614, 0.17794249839746157, -6.268325364965555, 0.0531826210439116, 0.02162468967645023, 0.020819984668874192, 0.18086769994023494, 0.05390766535324698, -0.11109528848354616, 0.035071602865541285, 0.06779699995599532]
Current best: 3625792.834235452

Generation : 9
[0.09164754368209614, 0.06323623027088307, -6.132658866810619, -0.03233095933553427, -0.0224024671048752, -0.040621545598999505, -0.17388509144235237, 0.07439187990238935, 0.00126876924658742, 0.12325804987265024, 0.010666687742952962]
[-0.2304240323500007, -0.14026750575328195, -5.995520369727803, 0.13767927789403334, 0.394636144268871, -0.05233258225122811, 0.0827837211103839, 0.11286511572839562, -0.09178330610670403, -0.14934283335482568, 0.15208666660663678]
[-0.26912817837170333, -0.06340424113601299, -6.19207460774885, -0.003274116147903572, 0.20663815246923223, 0.0728758707387742, 0.1161258257500274, 0.11040406240181579, -0.17854338007407516, -0.14805056385687038, 0.016298663997635302]
[-0.10347662225421356, 0.11287523007545718, -6.037831452771853, -0.15810438334970234, 0.1247579400092117, 0.11054824690314559, -0.10373236791686966, 0.22910323680416694, 0.1646258220481067, 0.03114764471602693, 0.017084362049857867]
[0.0, 0.1240317450077846, -6.211941063144333, 0.04933903144709126, 0.03810848157715883, 8.132366097133624e-05, -6.018769160916912e-05, -1.251585565299179e-07, 3.484096383229681e-08, 4.1614924993407104e-11, -6.732420176902565e-12]
[0.026527868979575694, 0.199936084757413, -6.139627484007792, 0.11074608410990126, 0.03552807454395526, -0.05500992355502589, -0.0487372980278283, 0.05265471796557356, -0.15882342944092165, 0.009091666462751398, 0.0029099126106762563]
[0.32527577439028793, 0.1556987606434737, -6.356540025862054, 0.07304251368340606, 0.21892898793652638, 0.1881089052882665, -0.08911624727551459, 0.10209000227239541, -0.10333014612688352, 0.3624298001133597, 0.014835119711502087]
[0.09902632265234614, 0.17794249839746157, -6.268325364965555, 0.0531826210439116, 0.02162468967645023, 0.020819984668874192, 0.18086769994023494, 0.05390766535324698, -0.11109528848354616, 0.035071602865541285, 0.06779699995599532]
[0.04658001089107473, 0.12523042132232404, -6.25316975815533, -0.0047673420516831065, 0.03150344903729411, 0.05430183291808342, -0.16765561552500946, -0.008890574407759741, -0.006170062141345843, 0.3199452953167583, 0.14831906976088272]
[-0.23087763763346714, -0.08647006411644496, -6.307463731662394, -0.03726398005594471, 0.24054378194090137, 0.08667691661059862, 0.19442589734555704, -0.05437661832341373, -0.16733772350644613, -0.13123214845272563, 0.060927963157192074]
[-0.27079000205435055, 0.10746636783580558, -6.134851672083211, -0.2800073488877113, 0.10721266758279636, 0.05966249784397848, -0.13219113426898702, 0.26690397383031084, -0.020003386053593336, -0.07628923985187905, 0.02006416244442269]
[0.08519012347537126, 0.21640130464961238, -5.9395015350444735, 0.013528541584023931, 0.03623819965867168, 0.06382907872126506, 0.21210155118615617, -0.13678022750522442, -0.1516700363249431, -0.033769351570188344, 0.01629389835439688]
[-0.10636645035730957, 0.15695000120881192, -6.1462358964113415, 0.034919279940432785, 0.042773677009633235, -0.0310961304951009, -0.0667557584753238, -0.18175633419438952, 0.05782047046104017, 0.24643726961070345, 0.10253357772882261]
[-0.12829032761181947, 0.21415339756119905, -6.28924296709919, 0.09693874661919653, 0.10896848965557925, -0.0940198014453105, 0.03744001507624376, -0.01854184242598294, -0.13061572227830276, 0.17746184327593154, -0.18559630206779848]
[0.29768154337667624, 0.027119647937837582, -6.521859048066536, 0.20168411627554955, 0.12982442893362295, 0.2050797292966631, -0.04657749145429302, 0.027498052399637193, -0.11636996851593293, 0.4127838552167437, -0.13808217332295775]
[0.03435272302655768, 0.041041815401050966, -6.14512906484932, 0.13375038597518085, -0.07085081356668328, -0.12830723768877958, -0.23971479601949514, 0.21183285227551113, -0.032278705602698056, -0.09231359790851197, -0.038787576062939796]
Current best: 3625792.834235452
[[-2.30877638e-01 -8.64700641e-02 -6.30746373e+00 -3.72639801e-02
   2.40543782e-01  8.66769166e-02  1.94425897e-01 -5.43766183e-02
  -1.67337724e-01 -1.31232148e-01  6.09279632e-02]
 [ 9.16475437e-02  6.32362303e-02 -6.13265887e+00 -3.23309593e-02
  -2.24024671e-02 -4.06215456e-02 -1.73885091e-01  7.43918799e-02
   1.26876925e-03  1.23258050e-01  1.06666877e-02]
 [ 3.25275774e-01  1.55698761e-01 -6.35654003e+00  7.30425137e-02
   2.18928988e-01  1.88108905e-01 -8.91162473e-02  1.02090002e-01
  -1.03330146e-01  3.62429800e-01  1.48351197e-02]
 [-2.70790002e-01  1.07466368e-01 -6.13485167e+00 -2.80007349e-01
   1.07212668e-01  5.96624978e-02 -1.32191134e-01  2.66903974e-01
  -2.00033861e-02 -7.62892399e-02  2.00641624e-02]
 [ 2.65278690e-02  1.99936085e-01 -6.13962748e+00  1.10746084e-01
   3.55280745e-02 -5.50099236e-02 -4.87372980e-02  5.26547180e-02
  -1.58823429e-01  9.09166646e-03  2.90991261e-03]
 [ 2.97681543e-01  2.71196479e-02 -6.52185905e+00  2.01684116e-01
   1.29824429e-01  2.05079729e-01 -4.65774915e-02  2.74980524e-02
  -1.16369969e-01  4.12783855e-01 -1.38082173e-01]
 [ 0.00000000e+00  1.24031745e-01 -6.21194106e+00  4.93390314e-02
   3.81084816e-02  8.13236610e-05 -6.01876916e-05 -1.25158557e-07
   3.48409638e-08  4.16149250e-11 -6.73242018e-12]
 [ 8.51901235e-02  2.16401305e-01 -5.93950154e+00  1.35285416e-02
   3.62381997e-02  6.38290787e-02  2.12101551e-01 -1.36780228e-01
  -1.51670036e-01 -3.37693516e-02  1.62938984e-02]
 [ 6.34865503e-02 -8.40636189e-02 -6.13178221e+00 -1.74320542e-01
  -1.38766614e-01 -4.72076230e-02 -2.24472625e-01  1.29138673e-01
   1.13095803e-01  9.60523246e-02  7.27732467e-02]
 [ 2.30906451e-01 -2.00234443e-02 -6.10276013e+00 -1.25009505e-02
  -8.61126189e-02 -4.09694754e-02 -2.00990656e-01  8.94419962e-02
   1.01451041e-01  1.86952926e-01  8.93288304e-02]
 [ 2.32628556e-01  3.18680349e-03 -6.32072890e+00 -1.04312327e-01
   1.29111971e-01  1.36447086e-01 -1.05735225e-01  1.73741470e-01
   5.58315848e-02  5.71497620e-02 -7.93259182e-03]
 [-3.04450595e-02  2.62582864e-01 -6.24405594e+00  1.92353123e-01
   1.33785881e-01 -1.15551269e-01 -1.77451013e-01  1.31172342e-01
  -2.87142403e-01 -7.44871896e-02  6.45084817e-02]
 [-7.21192518e-02  2.41811900e-01 -6.34178569e+00  1.00971874e-01
  -2.00641994e-02 -6.84326863e-02 -1.46515905e-01  1.06694585e-02
  -1.61643495e-01  2.24825272e-03  2.09614863e-01]
 [-2.46489396e-01  1.40877682e-01 -6.05028670e+00  6.94918888e-02
   2.11045513e-02 -3.50551053e-02  9.28950972e-02  1.03759737e-01
  -1.06192369e-01 -5.33296442e-03 -3.67697905e-02]
 [ 5.91298608e-02  1.67089217e-01 -6.24821118e+00 -2.26356512e-02
   5.49959517e-02 -1.48699292e-02  5.58147722e-02 -1.71077838e-02
  -1.79042486e-01 -1.01254387e-02  3.78149741e-03]
 [-4.08964943e-03  2.57353673e-01 -5.97884627e+00  1.27022522e-02
   3.77649161e-02  9.99387854e-02  2.64498437e-01 -4.03028498e-02
  -3.44146308e-01 -4.79312973e-02  1.55756410e-02]]
