[[ 0.00000000e+00  1.24031745e-01 -6.21194106e+00  4.93390314e-02
   3.81084816e-02  8.13236610e-05 -6.01876916e-05 -1.25158557e-07
   3.48409638e-08  4.16149250e-11 -6.73242018e-12]
 [ 0.00000000e+00  1.24031745e-01 -6.21194106e+00  4.93390314e-02
   3.81084816e-02  8.13236610e-05 -6.01876916e-05 -1.25158557e-07
   3.48409638e-08  4.16149250e-11 -6.73242018e-12]
 [ 0.00000000e+00  1.24031745e-01 -6.21194106e+00  4.93390314e-02
   3.81084816e-02  8.13236610e-05 -6.01876916e-05 -1.25158557e-07
   3.48409638e-08  4.16149250e-11 -6.73242018e-12]
 [ 0.00000000e+00  1.24031745e-01 -6.21194106e+00  4.93390314e-02
   3.81084816e-02  8.13236610e-05 -6.01876916e-05 -1.25158557e-07
   3.48409638e-08  4.16149250e-11 -6.73242018e-12]
 [ 0.00000000e+00  1.24031745e-01 -6.21194106e+00  4.93390314e-02
   3.81084816e-02  8.13236610e-05 -6.01876916e-05 -1.25158557e-07
   3.48409638e-08  4.16149250e-11 -6.73242018e-12]
 [ 0.00000000e+00  1.24031745e-01 -6.21194106e+00  4.93390314e-02
   3.81084816e-02  8.13236610e-05 -6.01876916e-05 -1.25158557e-07
   3.48409638e-08  4.16149250e-11 -6.73242018e-12]
 [ 0.00000000e+00  1.24031745e-01 -6.21194106e+00  4.93390314e-02
   3.81084816e-02  8.13236610e-05 -6.01876916e-05 -1.25158557e-07
   3.48409638e-08  4.16149250e-11 -6.73242018e-12]
 [ 0.00000000e+00  1.24031745e-01 -6.21194106e+00  4.93390314e-02
   3.81084816e-02  8.13236610e-05 -6.01876916e-05 -1.25158557e-07
   3.48409638e-08  4.16149250e-11 -6.73242018e-12]
 [ 0.00000000e+00  1.24031745e-01 -6.21194106e+00  4.93390314e-02
   3.81084816e-02  8.13236610e-05 -6.01876916e-05 -1.25158557e-07
   3.48409638e-08  4.16149250e-11 -6.73242018e-12]
 [ 0.00000000e+00  1.24031745e-01 -6.21194106e+00  4.93390314e-02
   3.81084816e-02  8.13236610e-05 -6.01876916e-05 -1.25158557e-07
   3.48409638e-08  4.16149250e-11 -6.73242018e-12]
 [ 0.00000000e+00  1.24031745e-01 -6.21194106e+00  4.93390314e-02
   3.81084816e-02  8.13236610e-05 -6.01876916e-05 -1.25158557e-07
   3.48409638e-08  4.16149250e-11 -6.73242018e-12]
 [ 0.00000000e+00  1.24031745e-01 -6.21194106e+00  4.93390314e-02
   3.81084816e-02  8.13236610e-05 -6.01876916e-05 -1.25158557e-07
   3.48409638e-08  4.16149250e-11 -6.73242018e-12]
 [ 0.00000000e+00  1.24031745e-01 -6.21194106e+00  4.93390314e-02
   3.81084816e-02  8.13236610e-05 -6.01876916e-05 -1.25158557e-07
   3.48409638e-08  4.16149250e-11 -6.73242018e-12]
 [ 0.00000000e+00  1.24031745e-01 -6.21194106e+00  4.93390314e-02
   3.81084816e-02  8.13236610e-05 -6.01876916e-05 -1.25158557e-07
   3.48409638e-08  4.16149250e-11 -6.73242018e-12]
 [ 0.00000000e+00  1.24031745e-01 -6.21194106e+00  4.93390314e-02
   3.81084816e-02  8.13236610e-05 -6.01876916e-05 -1.25158557e-07
   3.48409638e-08  4.16149250e-11 -6.73242018e-12]
 [ 0.00000000e+00  1.24031745e-01 -6.21194106e+00  4.93390314e-02
   3.81084816e-02  8.13236610e-05 -6.01876916e-05 -1.25158557e-07
   3.48409638e-08  4.16149250e-11 -6.73242018e-12]]

Generation : 0
Current best: 1852681.2348022866

Generation : 1
Current best: 1852681.2348022866

Generation : 2
Current best: 1852681.2348022866

Generation : 3
Current best: 1852681.2348022866

Generation : 4
Current best: 1852681.2348022866

Generation : 5
Current best: 1852681.2348022866

Generation : 6
Current best: 1852681.2348022866

Generation : 7
Current best: 1852681.2348022866

Generation : 8
Current best: 1852681.2348022866

Generation : 9
Current best: 1852681.2348022866
[[ 0.00000000e+00  1.24031745e-01 -6.21194106e+00  4.93390314e-02
   3.81084816e-02  8.13236610e-05 -6.01876916e-05 -1.25158557e-07
   3.48409638e-08  4.16149250e-11 -6.73242018e-12]
 [ 0.00000000e+00  1.24031745e-01 -6.21194106e+00  4.93390314e-02
   3.81084816e-02  8.13236610e-05 -6.01876916e-05 -1.25158557e-07
   3.48409638e-08  4.16149250e-11 -6.73242018e-12]
 [ 0.00000000e+00  1.24031745e-01 -6.21194106e+00  4.93390314e-02
   3.81084816e-02  8.13236610e-05 -6.01876916e-05 -1.25158557e-07
   3.48409638e-08  4.16149250e-11 -6.73242018e-12]
 [ 0.00000000e+00  1.24031745e-01 -6.21194106e+00  4.93390314e-02
   3.81084816e-02  8.13236610e-05 -6.01876916e-05 -1.25158557e-07
   3.48409638e-08  4.16149250e-11 -6.73242018e-12]
 [ 0.00000000e+00  1.24031745e-01 -6.21194106e+00  4.93390314e-02
   3.81084816e-02  8.13236610e-05 -6.01876916e-05 -1.25158557e-07
   3.48409638e-08  4.16149250e-11 -6.73242018e-12]
 [ 0.00000000e+00  1.24031745e-01 -6.21194106e+00  4.93390314e-02
   3.81084816e-02  8.13236610e-05 -6.01876916e-05 -1.25158557e-07
   3.48409638e-08  4.16149250e-11 -6.73242018e-12]
 [ 0.00000000e+00  1.24031745e-01 -6.21194106e+00  4.93390314e-02
   3.81084816e-02  4.97139132e-05 -4.96410490e-05 -1.06034611e-07
   3.27585855e-08  4.65495477e-11 -7.58106425e-12]
 [ 0.00000000e+00  1.24031745e-01 -6.21194106e+00  4.93390314e-02
   3.81084816e-02  8.13236610e-05 -6.01876916e-05 -1.25158557e-07
   3.48409638e-08  4.16149250e-11 -6.73242018e-12]
 [ 0.00000000e+00  1.44530894e-01 -3.37448247e+00  4.80264233e-02
   3.34323629e-02  7.14346081e-05 -8.46851132e-05 -1.44582158e-07
   2.16800158e-08  3.99372103e-11 -9.57735754e-12]
 [ 0.00000000e+00  8.14442488e-02 -4.35169705e+00  4.91406028e-02
   5.26619729e-02  6.00586111e-05 -3.64651554e-05 -1.24038646e-07
   4.68896342e-08  5.38966032e-11 -6.55954891e-12]
 [ 0.00000000e+00  1.58269554e-01 -6.19558278e+00  4.62878931e-02
   3.25624585e-02  1.00171625e-04 -5.25245067e-05 -1.14254791e-07
   2.49765430e-08  5.01319740e-11 -5.65634373e-12]
 [ 0.00000000e+00  1.24031745e-01 -6.21194106e+00  4.93390314e-02
   3.81084816e-02  8.13236610e-05 -6.01876916e-05 -1.25158557e-07
   3.48409638e-08  4.16149250e-11 -6.73242018e-12]
 [ 0.00000000e+00  1.23354613e-01 -5.50283901e+00  6.04106595e-02
   2.13359318e-02  6.78301083e-05 -7.81416351e-05 -8.37180250e-08
   4.48390190e-08  3.25060115e-11 -8.82512978e-12]
 [ 0.00000000e+00  6.33700759e-02 -3.69594163e+00  5.25396787e-02
   4.41437434e-02  2.68666816e-05 -3.29043711e-05 -1.14955483e-07
   2.06568587e-08  4.81947390e-11 -9.25894966e-12]
 [ 0.00000000e+00  1.24031745e-01 -6.21194106e+00  4.93390314e-02
   3.81084816e-02  8.13236610e-05 -6.01876916e-05 -1.25158557e-07
   3.48409638e-08  4.16149250e-11 -6.73242018e-12]
 [ 0.00000000e+00  1.24031745e-01 -6.21194106e+00  4.93390314e-02
   3.81084816e-02  8.13236610e-05 -6.01876916e-05 -1.25158557e-07
   3.48409638e-08  4.16149250e-11 -6.73242018e-12]]
