
Generation : 0
Current best: 2.004521502343178e+33

Generation : 1
Current best: 3.6397309870138676e+31

Generation : 2
Current best: 1.5163767173164155e+31

Generation : 3
Current best: 4.0474033341305626e+30

Generation : 4
Current best: 2.335475450056515e+29

Generation : 5
Current best: 7.262748515981921e+28

Generation : 6
Current best: 7.66948010818259e+26

Generation : 7
Current best: 4.946433604117259e+25

Generation : 8
Current best: 4.946433604117259e+25

Generation : 9
Current best: 1.505390742261367e+25
[[ 8.03493956e-01 -1.16962611e+00  1.29171113e+00  2.33478564e-01
  -1.31859004e-01 -7.14840544e-02 -3.78083198e-01  3.58255887e-01
   3.41672412e+00  3.34324590e-03 -1.39859299e-03]
 [ 3.95513392e-01 -6.83861106e-01  1.66336947e+00  1.04208396e+00
  -2.71184573e-01 -1.55884771e-01  9.76451833e-01  2.91418361e-02
   4.85447400e+00  1.98194435e-03 -1.14274230e-03]
 [ 4.61500446e-01  4.89791250e-01 -2.96612982e+00  1.64102535e-02
   8.64595174e-02  2.07428268e-02  8.55532831e-03  7.02148066e-02
  -3.78697419e+00 -4.06882974e-03 -4.35307819e-04]
 [-3.22023893e-03  7.89427221e-03 -5.65274737e-01 -6.55850465e-01
   8.62999728e-03 -4.16911576e-01  2.14429273e-02  3.83539557e-02
   2.66839551e-02 -1.58123326e-03 -1.46682866e-04]
 [ 6.54385980e-02 -1.15680226e+00  3.83190928e+00 -3.16675332e-01
   1.61790758e-02 -1.22578330e-01 -3.99584085e-03 -1.48040639e-01
   1.83104518e+00 -6.25217615e-03 -1.56861270e-03]
 [-8.10100548e-01  1.21369958e+00 -6.83190247e-01 -1.48694351e+00
   1.88500132e-01  1.16490730e+00  4.24353466e-01 -2.36478759e-01
  -3.64298406e+00 -6.32898397e-03  1.61981699e-03]
 [ 7.78862010e-01 -7.69481146e-03  3.05783273e+00 -1.13532803e-02
  -4.65923229e-04 -4.34397991e-02 -2.21027064e-02  6.52443989e-02
  -7.78738287e+00  9.91556736e-03  3.17932911e-03]
 [ 6.50102705e-01  9.58368609e-01  6.70846934e-01  1.14259593e+00
   7.29746948e-01 -6.28609780e-01 -1.00619000e+00  2.16505725e-01
   2.46679836e+00 -9.24182379e-03 -2.10962810e-03]
 [-2.89405552e-01  1.98315268e+00 -5.43880868e-01  3.19986758e-01
   1.11036727e-01  1.37239846e-01 -2.18090520e-01 -5.95201385e-01
  -4.42683776e+00 -5.24501638e-04  2.46570781e-03]
 [ 2.46275169e-01 -1.41437006e-01 -1.26177936e+00 -1.36300069e+00
   6.64290178e-03 -1.37832131e-01 -9.33945861e-01 -1.52375417e-02
   1.28616663e+00 -3.54973444e-04  3.13356405e-04]
 [-1.68446635e-03 -6.08547261e-03  9.67406428e-03 -5.53942894e-01
   3.97711210e-04  7.35703921e-02 -3.19141929e-02  1.12503985e-02
  -1.92028654e-02  9.80299801e-04  9.14657816e-05]
 [ 1.68392632e-03 -4.09908199e-02  7.71977904e-01 -4.29547330e-01
  -6.40259246e-03  7.77134487e-02  4.48845851e-03 -6.16927143e-02
  -1.61535536e-02  5.17075646e-04 -3.62301656e-04]
 [ 1.52787052e-01 -1.40255919e+00 -1.47003571e-01 -8.59909699e-01
   3.19109918e-01 -9.87621718e-02 -2.65993374e-01  9.23330018e-02
   4.92827085e+00  9.29129913e-03 -1.84512737e-03]
 [ 5.31730995e-01  3.23682005e-01  1.44770468e-01  2.24574429e-01
   2.61358716e-01 -7.14226237e-01  6.19136203e-01  1.88123791e-01
  -7.79969759e+00 -1.91176314e-03  3.72751767e-03]
 [-9.68917167e-01 -2.91144535e-01  2.53427480e+00 -3.21510931e-01
  -1.77467744e-01 -9.28935758e-03 -2.27474959e-01 -1.05831185e-01
  -1.00000000e+01  2.44636663e-03  7.91732042e-04]
 [-1.27068256e+00 -7.02795295e-01  1.08064846e+00  3.88919902e-01
   8.35461988e-03  1.17871243e-01  6.91655219e-01  3.36931447e-01
   1.10886465e+00  1.39805920e-03 -1.75397614e-03]]
