
Generation : 0
Current best: 3.754232746518937e+32

Generation : 1
Current best: 6.599108806834175e+31

Generation : 2
Current best: 4.603467406727331e+30

Generation : 3
Current best: 3.9203131440275345e+30

Generation : 4
Current best: 2.0383654227038224e+29

Generation : 5
Current best: 5.930056907373107e+28

Generation : 6
Current best: 1.5432734387245761e+28

Generation : 7
Current best: 2.577132601696341e+27

Generation : 8
Current best: 2.015579481570199e+27

Generation : 9
Current best: 5.323171848976445e+24

Generation : 10
Current best: 5.323171848976445e+24

Generation : 11
Current best: 5.323171848976445e+24

Generation : 12
Current best: 5.323171848976445e+24

Generation : 13
Current best: 5.323171848976445e+24

Generation : 14
Current best: 5.323171848976445e+24

Generation : 15
Current best: 2.0604629599238376e+24

Generation : 16
Current best: 2.0604629599238376e+24

Generation : 17
Current best: 2.0604629599238376e+24

Generation : 18
Current best: 2.0604629599238376e+24

Generation : 19
Current best: 2.0604629599238376e+24
[[ 7.81738723e-03  2.47128163e-01  1.32078100e+00  7.82369189e-01
   2.25465871e+00 -2.27779618e+00  1.61832884e+00  1.81175599e-02
  -1.80651159e+00 -1.05818534e-03 -7.31835332e-04]
 [-4.62169142e-03 -5.44905996e-01 -8.40936334e-01  4.68925683e-01
  -9.66459956e-01 -1.54657206e+00  2.89136571e-01 -6.72841090e-02
   6.40763322e-01  2.42191244e-03 -2.57760812e-04]
 [ 7.76960140e-03  1.56982052e-01 -3.81989876e+00 -7.42309654e-01
   1.15640375e+00  1.26829731e+00  4.48184155e-01 -3.19823823e-03
   1.57006367e-01 -1.55150045e-03  2.43132626e-04]
 [-1.02972398e-02 -1.86233000e-01  2.16795142e+00  9.98478316e+00
   7.67615127e-01 -5.69391070e-01  3.02614745e+00  1.51648148e-02
  -1.70066321e-01  4.19644715e-04  1.76691788e-04]
 [-1.67208138e-03 -4.10791445e-01  9.40132529e-01 -5.91176658e+00
  -7.73969589e-01  4.57727936e+00  2.42264171e+00  9.98181654e-02
  -9.69149171e-01 -1.51739834e-03 -2.58443686e-04]
 [ 7.40995672e-03  4.76725884e-01  3.96491082e-01 -6.62459655e-01
   4.74732477e-01  6.50049433e-01  6.07224959e-01 -8.13125706e-02
   3.32874597e-01 -2.60577159e-03 -3.72096777e-04]
 [-9.03193835e-03  9.89638512e-03  6.77115227e-01  8.81240982e+00
   4.79676518e-01 -9.30200196e-02  3.93140672e-01 -5.65875701e-03
  -8.38769802e-02 -3.17712646e-03 -3.22632203e-06]
 [-2.45200075e-03  4.57974925e-01  4.71771772e-01  2.71456758e+00
   1.56527812e+00 -3.02597313e+00  8.19017822e-01 -7.02337845e-02
   9.18386219e-01 -1.69421402e-03 -3.79372081e-04]
 [ 5.82202643e-03 -9.76556348e-01  1.11043563e+00  1.02252413e-01
   1.19362017e+00 -2.65837791e+00  6.37874812e-02  5.96936276e-02
  -8.28927594e-01  4.60279115e-03  3.48836907e-04]
 [-4.49969380e-03  6.77022243e-01 -6.91299321e-01 -2.98695717e-02
   2.11590702e-01 -8.82635011e-01 -5.61845380e-01  9.17003049e-02
   8.29484459e-01 -3.32779231e-04 -1.66904624e-04]
 [ 3.42043253e-03  2.22369589e-01  1.11160312e+00 -1.00000000e+01
   1.24823693e+00  6.71092115e-01  1.21879741e+00  2.61389465e-02
  -2.51608850e-01 -6.24679362e-05  3.28218247e-04]
 [ 1.24527307e-02 -1.90056461e-01  7.21189490e-01  1.00000000e+01
   1.08941394e+00 -7.85095337e-01  2.59297665e+00  2.17150893e-02
  -3.66030900e-02 -6.78061781e-04 -3.71636920e-05]
 [ 9.71050635e-03 -3.08131044e-01  6.30562089e-03 -8.66850963e-01
  -3.64919581e-01 -6.07744895e-01 -1.02675599e+00  1.21334625e-01
  -8.81553473e-02 -4.60875018e-03 -3.64520566e-04]
 [ 7.70725693e-03  1.02999220e-02  2.34746429e-01 -1.00000000e+01
  -9.54625638e-01  4.39603667e-03 -6.13198084e-01 -2.35796375e-02
  -2.10750617e-02 -3.39882834e-05  1.69330499e-05]
 [-7.73382653e-03 -3.04565790e-01  8.78812306e-01 -8.79426915e+00
   2.03503943e+00  1.48443076e+00  2.84309705e-01  4.33232896e-02
  -2.38043430e-01 -6.43183612e-04 -4.77884020e-05]
 [-1.32829437e-03  2.24997292e-01 -8.76198989e-01 -2.28297558e+00
  -2.80086909e+00  4.49890471e+00 -7.24164129e-01 -1.26174033e-01
   1.07498742e+00 -1.92283207e-03 -1.24446950e-04]]
